##############################################################################
##############################################################################
# Class:   twimCalPar
# Context: TwimCalParContext
##############################################################################
[twimCalPar]
//----------------------------------------------------------------------------
twimSectionNumberPar: Int_t  4
twimAnodeNumberPar:  Int_t  16
twimAnodeEFitPar:  Int_t  3
twimInUsePar:  Int_t  \
1 1 1 1 1 1 1 1 1 1 1 1 1 1 1 1 \
1 1 1 1 1 1 1 1 1 1 1 1 1 1 1 1 \
1 1 1 1 1 1 1 1 1 1 1 1 1 1 1 1 \
1 1 1 1 1 1 1 1 1 1 1 1 1 1 1 1
twimCalEPar:  Float_t \
  0.0 0.0 0.0 0.0 0.0 0.0 0.0 0.0 0.0 0.0 0.0 0.0  \
  0.0 0.0 0.0 0.0 0.0 0.0 0.0 0.0 0.0 0.0 0.0 0.0  \
  0.0 0.0 0.0 0.0 0.0 0.0 0.0 0.0 0.0 0.0 0.0 0.0  \
  0.0 0.0 0.0 0.0 0.0 0.0 0.0 0.0 0.0 0.0 0.0 0.0  \
  0.0 0.0 0.0 0.0 0.0 0.0 0.0 0.0 0.0 0.0 0.0 0.0  \
  0.0 0.0 0.0 0.0 0.0 0.0 0.0 0.0 0.0 0.0 0.0 0.0  \
  0.0 0.0 0.0 0.0 0.0 0.0 0.0 0.0 0.0 0.0 0.0 0.0  \
  0.0 0.0 0.0 0.0 0.0 0.0 0.0 0.0 0.0 0.0 0.0 0.0  \
  0.0 0.0 0.0 0.0 0.0 0.0 0.0 0.0 0.0 0.0 0.0 0.0  \
  0.0 0.0 0.0 0.0 0.0 0.0 0.0 0.0 0.0 0.0 0.0 0.0  \
  0.0 0.0 0.0 0.0 0.0 0.0 0.0 0.0 0.0 0.0 0.0 0.0  \
  0.0 0.0 0.0 0.0 0.0 0.0 0.0 0.0 0.0 0.0 0.0 0.0  \
  0.0 0.0 0.0 0.0 0.0 0.0 0.0 0.0 0.0 0.0 0.0 0.0  \
  0.0 0.0 0.0 0.0 0.0 0.0 0.0 0.0 0.0 0.0 0.0 0.0  \
  0.0 0.0 0.0 0.0 0.0 0.0 0.0 0.0 0.0 0.0 0.0 0.0  \
  0.0 0.0 0.0 0.0 0.0 0.0 0.0 0.0 0.0 0.0 0.0 0.0
twimPosFitPar:  Int_t  2
twimPosPar:  Float_t \
  65.638 -0.0052942 65.29 -0.00526287 65.156 -0.00525545 65.1056 -0.00525592 65.0589 -0.00526482  \
  65.2414 -0.00529069 65.1735 -0.0052926 65.1269 -0.00529178 65.0721 -0.00529825 64.7821 -0.00528933  \
  62.5209 -0.00511706 63.2627 -0.00518063 63.7853 -0.00522719 63.2748 -0.00519385 63.5324 -0.00522809  \
  63.5769 -0.00524438 \
  65.638 -0.0052942 65.29 -0.00526287 65.156 -0.00525545 65.1056 -0.00525592 65.0589 -0.00526482  \
  65.2414 -0.00529069 65.1735 -0.0052926 65.1269 -0.00529178 65.0721 -0.00529825 64.7821 -0.00528933  \
  62.5209 -0.00511706 63.2627 -0.00518063 63.7853 -0.00522719 63.2748 -0.00519385 63.5324 -0.00522809  \
  63.5769 -0.00524438 \
  65.638 -0.0052942 65.29 -0.00526287 65.156 -0.00525545 65.1056 -0.00525592 65.0589 -0.00526482  \
  65.2414 -0.00529069 65.1735 -0.0052926 65.1269 -0.00529178 65.0721 -0.00529825 64.7821 -0.00528933  \
  62.5209 -0.00511706 63.2627 -0.00518063 63.7853 -0.00522719 63.2748 -0.00519385 63.5324 -0.00522809  \
  63.5769 -0.00524438 \
  65.638 -0.0052942 65.29 -0.00526287 65.156 -0.00525545 65.1056 -0.00525592 65.0589 -0.00526482  \
  65.2414 -0.00529069 65.1735 -0.0052926 65.1269 -0.00529178 65.0721 -0.00529825 64.7821 -0.00528933  \
  62.5209 -0.00511706 63.2627 -0.00518063 63.7853 -0.00522719 63.2748 -0.00519385 63.5324 -0.00522809  \
  63.5769 -0.00524438
