##############################################################################
##############################################################################
# Class:   TwimGeoPar
# Context: GeometryParameterContext
##############################################################################
[TwimGeoPar]
//----------------------------------------------------------------------------
PositionX: Double_t 0.
PositionY: Double_t 0.
PositionZ: Double_t 0.
RotationX: Double_t 0.
RotationY: Double_t 0.
RotationZ: Double_t 0.
DimensionX: Double_t 20.
DimensionY: Double_t 20.
DimensionZ: Double_t 53.
SigmaX: Double_t 0.02
SigmaY: Double_t 0.
Z: Double_t 18.0
A: Double_t 39.948
Density: Double_t 1.784
IonisationEnergy: Double_t 57.4e-6
##############################################################################
//----------------------------------------------------------------------------
##############################################################################
##############################################################################
# Class:   twimCalPar
# Context: TwimCalParContext
##############################################################################
[twimCalPar]
//----------------------------------------------------------------------------
twimSectionNumberPar: Int_t  4
twimAnodeNumberPar:  Int_t  16  
twimAnodeEFitPar:  Int_t  3 
twimInUsePar:  Int_t  \
1 1 1 1 1 1 1 1 1 1 1 1 1 1 1 1 \
1 1 1 1 1 1 1 1 1 1 1 1 1 1 1 1 \
1 1 1 1 1 1 1 1 1 1 1 1 1 1 1 1 \
1 1 1 1 1 1 1 1 1 1 1 1 1 1 1 1
twimCalEPar:  Float_t \
  0.0 0.0 0.0 0.0 0.0 0.0 0.0 0.0 0.0 0.0 0.0 0.0  \
  0.0 0.0 0.0 0.0 0.0 0.0 0.0 0.0 0.0 0.0 0.0 0.0  \
  0.0 0.0 0.0 0.0 0.0 0.0 0.0 0.0 0.0 0.0 0.0 0.0  \
  0.0 0.0 0.0 0.0 0.0 0.0 0.0 0.0 0.0 0.0 0.0 0.0  \
  0.0 0.0 0.0 0.0 0.0 0.0 0.0 0.0 0.0 0.0 0.0 0.0  \
  0.0 0.0 0.0 0.0 0.0 0.0 0.0 0.0 0.0 0.0 0.0 0.0  \
  0.0 0.0 0.0 0.0 0.0 0.0 0.0 0.0 0.0 0.0 0.0 0.0  \
  0.0 0.0 0.0 0.0 0.0 0.0 0.0 0.0 0.0 0.0 0.0 0.0  \
  0.0 0.0 0.0 0.0 0.0 0.0 0.0 0.0 0.0 0.0 0.0 0.0  \
  0.0 0.0 0.0 0.0 0.0 0.0 0.0 0.0 0.0 0.0 0.0 0.0  \
  0.0 0.0 0.0 0.0 0.0 0.0 0.0 0.0 0.0 0.0 0.0 0.0  \
  0.0 0.0 0.0 0.0 0.0 0.0 0.0 0.0 0.0 0.0 0.0 0.0  \
  0.0 0.0 0.0 0.0 0.0 0.0 0.0 0.0 0.0 0.0 0.0 0.0  \
  0.0 0.0 0.0 0.0 0.0 0.0 0.0 0.0 0.0 0.0 0.0 0.0  \
  0.0 0.0 0.0 0.0 0.0 0.0 0.0 0.0 0.0 0.0 0.0 0.0  \
  0.0 0.0 0.0 0.0 0.0 0.0 0.0 0.0 0.0 0.0 0.0 0.0 
twimPosFitPar:  Int_t  2 
twimPosPar:  Float_t \
  0.0 1.0  0.0 1.0  0.0 1.0  0.0 1.0  0.0 1.0  \
  0.0 1.0  0.0 1.0  0.0 1.0  0.0 1.0  0.0 1.0  \
  0.0 1.0  0.0 1.0  0.0 1.0  0.0 1.0  0.0 1.0  \
  0.0 1.0 \
  0.0 1.0  0.0 1.0  0.0 1.0  0.0 1.0  0.0 1.0  \
  0.0 1.0  0.0 1.0  0.0 1.0  0.0 1.0  0.0 1.0  \
  0.0 1.0  0.0 1.0  0.0 1.0  0.0 1.0  0.0 1.0  \
  0.0 1.0 \
  0.0 1.0  0.0 1.0  0.0 1.0  0.0 1.0  0.0 1.0  \
  0.0 1.0  0.0 1.0  0.0 1.0  0.0 1.0  0.0 1.0  \
  0.0 1.0  0.0 1.0  0.0 1.0  0.0 1.0  0.0 1.0  \
  0.0 1.0 \
  0.0 1.0  0.0 1.0  0.0 1.0  0.0 1.0  0.0 1.0  \
  0.0 1.0  0.0 1.0  0.0 1.0  0.0 1.0  0.0 1.0  \
  0.0 1.0  0.0 1.0  0.0 1.0  0.0 1.0  0.0 1.0  \
  0.0 1.0 
##############################################################################
//----------------------------------------------------------------------------
##############################################################################
##############################################################################
# Class:   twimHitPar
# Context: TwimHitParContext
##############################################################################
[twimHitPar]
//----------------------------------------------------------------------------
twimHitNumSecPar: Int_t  4 
twimAnodeNumberPar:  Int_t  16 
twimInUsePar:  Int_t  \
1 1 1 1 1 1 1 1 1 1 1 1 1 1 1 1 \
1 1 1 1 1 1 1 1 1 1 1 1 1 1 1 1 \
1 1 1 1 1 1 1 1 1 1 1 1 1 1 1 1 \
1 1 1 1 1 1 1 1 1 1 1 1 1 1 1 1 
twimAnodePosPar: Float_t \
-187.5 -162.5 -137.5 -112.5 -87.5 -62.5 -37.5 -12.5 \
12.5 37.5 62.5 87.5 112.5 137.5 162.5 187.5 \
-187.5 -162.5 -137.5 -112.5 -87.5 -62.5 -37.5 -12.5 \
12.5 37.5 62.5 87.5 112.5 137.5 162.5 187.5 \
-187.5 -162.5 -137.5 -112.5 -87.5 -62.5 -37.5 -12.5 \
12.5 37.5 62.5 87.5 112.5 137.5 162.5 187.5 \
-187.5 -162.5 -137.5 -112.5 -87.5 -62.5 -37.5 -12.5 \
12.5 37.5 62.5 87.5 112.5 137.5 162.5 187.5 
twimvstofHitPar: Float_t \
0.0 0.0 0.0 \
0.0 0.0 0.0 \
0.0 0.0 0.0 \ 
0.0 0.0 0.0
twimZHitParamsFitPar:  Int_t  3
twimZHitPar:  Float_t \
0.0 0.5 0.0 \
0.0 0.5 0.0 \
0.0 0.5 0.0 \
0.0 0.5 0.0 
##############################################################################
