##############################################################################
##############################################################################
# Class:   twimHitPar
# Context: TwimHitParContext
##############################################################################
[twimHitPar]
//----------------------------------------------------------------------------
twimHitNumSecPar: Int_t  4
twimAnodeNumberPar:  Int_t  16
twimInUsePar:  Int_t  \
1 1 1 1 1 1 1 1 1 1 1 1 1 1 1 1 \
1 1 1 1 1 1 1 1 1 1 1 1 1 1 1 1 \
1 1 1 1 1 1 1 1 1 1 1 1 1 1 1 1 \
1 1 1 1 1 1 1 1 1 1 1 1 1 1 1 1
twimAnodePosPar: Float_t \
-187.5 -162.5 -137.5 -112.5 -87.5 -62.5 -37.5 -12.5 \
12.5 37.5 62.5 87.5 112.5 137.5 162.5 187.5 \
-187.5 -162.5 -137.5 -112.5 -87.5 -62.5 -37.5 -12.5 \
12.5 37.5 62.5 87.5 112.5 137.5 162.5 187.5 \
-187.5 -162.5 -137.5 -112.5 -87.5 -62.5 -37.5 -12.5 \
12.5 37.5 62.5 87.5 112.5 137.5 162.5 187.5 \
-187.5 -162.5 -137.5 -112.5 -87.5 -62.5 -37.5 -12.5 \
12.5 37.5 62.5 87.5 112.5 137.5 162.5 187.5
twimvstofHitPar: Float_t \
50581.33 -3545 60.3085 \
43042.537 -3101.1 53.7751 \
-77691.123 3710.48 -42.2098 \
-117803.92 5965.64 -73.8694
twimZHitParamsFitPar:  Int_t  3
twimZHitPar:  Float_t \
-9.86 0.43 0.0 \
-10.8 0.43 0.0 \
-8.86 0.43 0.0 \
-9.4 0.43 0.0
