##############################################################################
##############################################################################
# Class:   mwpc1CalPar
# Context: Mwpc1CalParContext
##############################################################################
[mwpc1CalPar]
//----------------------------------------------------------------------------
mwpc1CalPar:  Float_t \
  0 0 0 0 0 0 0 0 0 0  \
  0 0 0 0 0 0 0 0 0 0  \
  0 0 0 0 0 0 0 0 0 0  \
  0 0 0 0 0 0 0 0 0 0  \
  0 0 0 0 0 0 0 0 0 0  \
  0 0 0 0 0 0 0 0 0 0  \
  0 0 0 0 0 0 0 0 0 0  \
  0 0 0 0 0 0 0 0 0 0  \
  0 0 0 0 0 0 0 0 0 0  \
  0 0 0 0 0 0 0 0 0 0  \
  0 0 0 0 0 0 0 0 0 0  \
  0 0 0 0 0 0 0 0 0 0  \
  0 0 0 0 0 0 0 0 0 0  \
  0 0 0 0 0 0 0 0 0 0  \
  0 0 0 0 0 0 0 0 0 0  \
  0 0 0 0 0 0 0 0 0 0  \
  0 0 0 0 0 0 0 0 0 0  \
  0 0 0 0 0 0 0 0 0 0  \
  0 0 0 0 0 0 0 0 0 0  \
  0 0 0 0 0 0 0 0 0 0  \
  0 0 0 0 0 0 0 0 0 0  \
  0 0 0 0 0 0 0 0 0 0  \
  0 0 0 0 0 0 0 0 0 0  \
  0 0 0 0 0 0 0 0 0 0  \
  0 0 0 0 0 0 0 0 0 0  \
  0 0 0 0 0 0 0 0 0 0  \
  0 0 0 0 0 0 0 0 0 0  \
  0 0 0 0 0 0 0 0 0 0  \
  0 0 0 0 0 0 0 0 0 0  \
  0 0 0 0 0 0 0 0 0 0  \
  0 0 0 0 0 0 0 0 0 0  \
  0 0 0 0 0 0 0 0 0 0  \
  0 0 0 0 0 0 0 0 0 0  \
  0 0 0 0 0 0
mwpc1PadXNumberPar:  Int_t  128
mwpc1PadYNumberPar:  Int_t  40
mwpc1ParamsFitPar:  Int_t  2
