##############################################################################
# Class:   mwpc0CalPar
# Context: Mwpc0CalParContext
##############################################################################
[mwpc0CalPar]
//----------------------------------------------------------------------------
mwpc0CalPar:  Float_t \
  0 0 0 0 0 0 0 0 0 0  \
  0 0 0 0 0 0 0 0 0 0  \
  0 0 0 0 0 0 0 0 0 0  \
  0 0 0 0 0 0 0 0 0 0  \
  0 0 0 0 0 0 0 0 0 0  \
  0 0 0 0 0 0 0 0 0 0  \
  0 0 0 0 0 0 0 0 0 0  \
  0 0 0 0 0 0 0 0 0 0  \
  0 0 0 0 0 0 0 0 0 0  \
  0 0 0 0 0 0 0 0 0 0  \
  0 0 0 0 0 0 0 0 0 0  \
  0 0 0 0 0 0 0 0 0 0  \
  0 0 0 0 0 0 0 0 0 0  \
  0 0 0 0 0 0 0 0 0 0  \
  0 0 0 0 0 0 0 0 0 0  \
  0 0 0 0 0 0 0 0 0 0  \
  0 0 0 0 0 0 0 0 0 0  \
  0 0 0 0 0 0 0 0 0 0  \
  0 0 0 0 0 0 0 0 0 0  \
  0 0 0 0 0 0 0 0 0 0  \
  0 0 0 0 0 0 0 0 0 0  \
  0 0 0 0 0 0 0 0 0 0  \
  0 0 0 0 0 0 0 0 0 0  \
  0 0 0 0 0 0 0 0 0 0  \
  0 0 0 0 0 0 0 0 0 0  \
  0 0 0 0 0 0 
mwpc0PadXNumberPar:  Int_t  64 
mwpc0PadYNumberPar:  Int_t  64 
mwpc0ParamsFitPar:  Int_t  2 
##############################################################################
//----------------------------------------------------------------------------
##############################################################################
##############################################################################
# Class:   Mwpc0GeoPar
# Context: GeometryParameterContext
#############################################################################
[Mwpc0GeoPar]
//----------------------------------------------------------------------------
PositionX: Double_t 0.
PositionY: Double_t 0.
PositionZ: Double_t 0.
RotationX: Double_t 0.
RotationY: Double_t 0.
RotationZ: Double_t 0.
DimensionX: Double_t 20.
DimensionY: Double_t 20.
DimensionZ: Double_t 4.5
SigmaX: Double_t 0.1
SigmaY: Double_t 1.
Z: Double_t 18.0
A: Double_t 39.948
Density: Double_t 1.784
IonisationEnergy: Double_t 57.4e-6
#############################################################################
//----------------------------------------------------------------------------
##############################################################################
##############################################################################
# Class:   mwpc1CalPar
# Context: Mwpc1CalParContext
##############################################################################
[mwpc1CalPar]
//----------------------------------------------------------------------------
mwpc1CalPar:  Float_t \
  0 0 0 0 0 0 0 0 0 0  \
  0 0 0 0 0 0 0 0 0 0  \
  0 0 0 0 0 0 0 0 0 0  \
  0 0 0 0 0 0 0 0 0 0  \
  0 0 0 0 0 0 0 0 0 0  \
  0 0 0 0 0 0 0 0 0 0  \
  0 0 0 0 0 0 0 0 0 0  \
  0 0 0 0 0 0 0 0 0 0  \
  0 0 0 0 0 0 0 0 0 0  \
  0 0 0 0 0 0 0 0 0 0  \
  0 0 0 0 0 0 0 0 0 0  \
  0 0 0 0 0 0 0 0 0 0  \
  0 0 0 0 0 0 0 0 0 0  \
  0 0 0 0 0 0 0 0 0 0  \
  0 0 0 0 0 0 0 0 0 0  \
  0 0 0 0 0 0 0 0 0 0  \
  0 0 0 0 0 0 0 0 0 0  \
  0 0 0 0 0 0 0 0 0 0  \
  0 0 0 0 0 0 0 0 0 0  \
  0 0 0 0 0 0 0 0 0 0  \
  0 0 0 0 0 0 0 0 0 0  \
  0 0 0 0 0 0 0 0 0 0  \
  0 0 0 0 0 0 0 0 0 0  \
  0 0 0 0 0 0 0 0 0 0  \
  0 0 0 0 0 0 0 0 0 0  \
  0 0 0 0 0 0 0 0 0 0  \
  0 0 0 0 0 0 0 0 0 0  \
  0 0 0 0 0 0 0 0 0 0  \
  0 0 0 0 0 0 0 0 0 0  \
  0 0 0 0 0 0 0 0 0 0  \
  0 0 0 0 0 0 0 0 0 0  \
  0 0 0 0 0 0 0 0 0 0  \
  0 0 0 0 0 0 0 0 0 0  \
  0 0 0 0 0 0 
mwpc1PadXNumberPar:  Int_t  128 
mwpc1PadYNumberPar:  Int_t  40 
mwpc1ParamsFitPar:  Int_t  2 
##############################################################################
//----------------------------------------------------------------------------
##############################################################################
# Class:   Mwpc1GeoPar
# Context: GeometryParameterContext
##############################################################################
[Mwpc1GeoPar]
//----------------------------------------------------------------------------
PositionX: Double_t 0.
PositionY: Double_t 0.
PositionZ: Double_t 0.
RotationX: Double_t 0.
RotationY: Double_t 0.
RotationZ: Double_t 0.
DimensionX: Double_t 20.
DimensionY: Double_t 20.
DimensionZ: Double_t 4.5
SigmaX: Double_t 0.1
SigmaY: Double_t 1.
Z: Double_t 18.0
A: Double_t 39.948
Density: Double_t 1.784
IonisationEnergy: Double_t 57.4e-6
##############################################################################
//----------------------------------------------------------------------------
##############################################################################
##############################################################################
# Class:   mwpc2CalPar
# Context: Mwpc2CalParContext
##############################################################################
[mwpc2CalPar]
//----------------------------------------------------------------------------
mwpc2CalPar:  Float_t \
  0 0 0 0 0 0 0 0 0 0  \
  0 0 0 0 0 0 0 0 0 0  \
  0 0 0 0 0 0 0 0 0 0  \
  0 0 0 0 0 0 0 0 0 0  \
  0 0 0 0 0 0 0 0 0 0  \
  0 0 0 0 0 0 0 0 0 0  \
  0 0 0 0 0 0 0 0 0 0  \
  0 0 0 0 0 0 0 0 0 0  \
  0 0 0 0 0 0 0 0 0 0  \
  0 0 0 0 0 0 0 0 0 0  \
  0 0 0 0 0 0 0 0 0 0  \
  0 0 0 0 0 0 0 0 0 0  \
  0 0 0 0 0 0 0 0 0 0  \
  0 0 0 0 0 0 0 0 0 0  \
  0 0 0 0 0 0 0 0 0 0  \
  0 0 0 0 0 0 0 0 0 0  \
  0 0 0 0 0 0 0 0 0 0  \
  0 0 0 0 0 0 0 0 0 0  \
  0 0 0 0 0 0 0 0 0 0  \
  0 0 0 0 0 0 0 0 0 0  \
  0 0 0 0 0 0 0 0 0 0  \
  0 0 0 0 0 0 0 0 0 0  \
  0 0 0 0 0 0 0 0 0 0  \
  0 0 0 0 0 0 0 0 0 0  \
  0 0 0 0 0 0 0 0 0 0  \
  0 0 0 0 0 0 0 0 0 0  \
  0 0 0 0 0 0 0 0 0 0  \
  0 0 0 0 0 0 0 0 0 0  \
  0 0 0 0 0 0 0 0 0 0  \
  0 0 0 0 0 0 0 0 0 0  \
  0 0 0 0 0 0 0 0 0 0  \
  0 0 0 0 0 0 0 0 0 0  \
  0 0 0 0 0 0 0 0 0 0  \
  0 0 0 0 0 0 
mwpc2PadXNumberPar:  Int_t  128 
mwpc2PadYNumberPar:  Int_t  40 
mwpc2ParamsFitPar:  Int_t  2 
##############################################################################
//----------------------------------------------------------------------------
##############################################################################
##############################################################################
# Class:   Mwpc2GeoPar
# Context: GeometryParameterContext
##############################################################################
[Mwpc2GeoPar]
//----------------------------------------------------------------------------
PositionX: Double_t 0.
PositionY: Double_t 0.
PositionZ: Double_t 0.
RotationX: Double_t 0.
RotationY: Double_t 0.
RotationZ: Double_t 0.
DimensionX: Double_t 20.
DimensionY: Double_t 20.
DimensionZ: Double_t 4.5
SigmaX: Double_t 0.1
SigmaY: Double_t 1.
Z: Double_t 18.0
A: Double_t 39.948
Density: Double_t 1.784
IonisationEnergy: Double_t 57.4e-6
##############################################################################
//----------------------------------------------------------------------------
##############################################################################
##############################################################################
# Class:   mwpc3CalPar
# Context: Mwpc3CalParContext
##############################################################################
[mwpc3CalPar]
//----------------------------------------------------------------------------
mwpc3CalPar:  Float_t \
  0 0 0 0 0 0 0 0 0 0  \
  0 0 0 0 0 0 0 0 0 0  \
  0 0 0 0 0 0 0 0 0 0  \
  0 0 0 0 0 0 0 0 0 0  \
  0 0 0 0 0 0 0 0 0 0  \
  0 0 0 0 0 0 0 0 0 0  \
  0 0 0 0 0 0 0 0 0 0  \
  0 0 0 0 0 0 0 0 0 0  \
  0 0 0 0 0 0 0 0 0 0  \
  0 0 0 0 0 0 0 0 0 0  \
  0 0 0 0 0 0 0 0 0 0  \
  0 0 0 0 0 0 0 0 0 0  \
  0 0 0 0 0 0 0 0 0 0  \
  0 0 0 0 0 0 0 0 0 0  \
  0 0 0 0 0 0 0 0 0 0  \
  0 0 0 0 0 0 0 0 0 0  \
  0 0 0 0 0 0 0 0 0 0  \
  0 0 0 0 0 0 0 0 0 0  \
  0 0 0 0 0 0 0 0 0 0  \
  0 0 0 0 0 0 0 0 0 0  \
  0 0 0 0 0 0 0 0 0 0  \
  0 0 0 0 0 0 0 0 0 0  \
  0 0 0 0 0 0 0 0 0 0  \
  0 0 0 0 0 0 0 0 0 0  \
  0 0 0 0 0 0 0 0 0 0  \
  0 0 0 0 0 0 0 0 0 0  \
  0 0 0 0 0 0 0 0 0 0  \
  0 0 0 0 0 0 0 0 0 0  \
  0 0 0 0 0 0 0 0 0 0  \
  0 0 0 0 0 0 0 0 0 0  \
  0 0 0 0 0 0 0 0 0 0  \
  0 0 0 0 0 0 0 0 0 0  \
  0 0 0 0 0 0 0 0 0 0  \
  0 0 0 0 0 0 0 0 0 0  \
  0 0 0 0 0 0 0 0 0 0  \
  0 0 0 0 0 0 0 0 0 0  \
  0 0 0 0 0 0 0 0 0 0  \
  0 0 0 0 0 0 0 0 0 0  \
  0 0 0 0 0 0 0 0 0 0  \
  0 0 0 0 0 0 0 0 0 0  \
  0 0 0 0 0 0 0 0 0 0  \
  0 0 0 0 0 0 0 0 0 0  \
  0 0 0 0 0 0 0 0 0 0  \
  0 0 0 0 0 0 0 0 0 0  \
  0 0 0 0 0 0 0 0 0 0  \
  0 0 0 0 0 0 0 0 0 0  \
  0 0 0 0 0 0 0 0 0 0  \
  0 0 0 0 0 0 0 0 0 0  \
  0 0 0 0 0 0 0 0 0 0  \
  0 0 0 0 0 0 0 0 0 0  \
  0 0 0 0 0 0 0 0 0 0  \
  0 0 0 0 0 0 0 0 0 0  \
  0 0 0 0 0 0 0 0 0 0  \
  0 0 0 0 0 0 0 0 0 0  \
  0 0 0 0 0 0 0 0 0 0  \
  0 0 0 0 0 0 0 0 0 0  \
  0 0 0 0 0 0 0 0 0 0  \
  0 0 0 0 0 0 0 0 0 0  \
  0 0 0 0 0 0 0 0 0 0  \
  0 0 0 0 0 0 0 0 0 0  \
  0 0 0 0 0 0 0 0 0 0  \
  0 0 0 0 0 0 0 0 0 0  \
  0 0 0 0 0 0 0 0 0 0  \
  0 0 0 0 0 0 0 0 0 0  \
  0 0 0 0 0 0 0 0 0 0  \
  0 0 0 0 0 0 0 0 0 0  \
  0 0 0 0 0 0 0 0 0 0  \
  0 0 0 0 0 0 0 0 0 0  \
  0 0 0 0 0 0 0 0 0 0  \
  0 0 0 0 0 0 0 0 0 0  \
  0 0 0 0 0 0 0 0 0 0  \
  0 0 0 0 0 0 0 0 0 0  \
  0 0 0 0 0 0 0 0 0 0  \
  0 0 0 0 0 0 0 0 0 0  \
  0 0 0 0 0 0 0 0 0 0  \
  0 0 0 0 0 0 0 0 0 0  \
  0 0 0 0 0 0 0 0 0 0  \
  0 0 0 0 0 0 0 0 0 0  \
  0 0 0 0 0 0 0 0 0 0  \
  0 0 0 0 0 0 0 0 0 0  \
  0 0 0 0 0 0 0 0 0 0  \
  0 0 0 0 0 0
mwpc3PadXNumberPar:  Int_t  288 
mwpc3PadYNumberPar:  Int_t  120 
mwpc3ParamsFitPar:  Int_t  2
##############################################################################
//----------------------------------------------------------------------------
##############################################################################
##############################################################################
# Class:   Mwpc3GeoPar
# Context: GeometryParameterContext
##############################################################################
[Mwpc3GeoPar]
//----------------------------------------------------------------------------
PositionX: Double_t 0.
PositionY: Double_t 0.
PositionZ: Double_t 0.
RotationX: Double_t 0.
RotationY: Double_t 0.
RotationZ: Double_t 0.
DimensionX: Double_t 90.
DimensionY: Double_t 60.
DimensionZ: Double_t 5.0
SigmaX: Double_t 0.0112
SigmaY: Double_t 0.05
Z: Double_t 18.0
A: Double_t 39.948
Density: Double_t 1.784
IonisationEnergy: Double_t 57.4e-6
##############################################################################
