##############################################################################
##############################################################################
# Class:   tofwHitPar
# Context: TTofWHitParContext
##############################################################################
[tofwHitPar]
//----------------------------------------------------------------------------
tofwHitSciPar:  Int_t  28
tofwInUsePar:  Int_t \
  1 1 1 1 1 1 1 1 1 1  \
  1 1 1 1 1 1 1 1 1 1  \
  1 1 1 1 1 1 1 0
tofwPosPar:  Float_t \
  2.07506 1.18403 1.01814 -2.29059 -0.889096 -0.384929 0.421241 -0.355589 3.26231 1.66536  \
  -2.61974 -1.44117 2.0633 4.15983 6.00654 -0.550969 -2.73341 -6.27025 -0.802897 0.0980565  \
  -1.54434 2.66476 1.19255 2.48929 0.469601 -0.474218 0.558671 0
tofwTofPar:  Float_t \
  -90.5921 -88.8925 -90.5894 -88.9277 -90.0809 -90.4467 -91.2301 -91.0606 -88.5091 -89.9273  \
  -87.6394 -90.6671 -88.1118 -89.5081 -108. -107.3943 -108.45 -106.4238 -107.4896 -107.2099  \
  -109.5 -56.16 -55.01 -55.54 -54.01 -54.9 -54.9074 -37.6
