##############################################################################
# Class:   califaCrystalCalPar
# Context: CalifaCalParContext
##############################################################################
[califaCrystalCalPar]
//----------------------------------------------------------------------------
califaCrystalCalPar:  Float_t \
  0 0 0 0 0 0 0 0 0 0  \
  0 0 0 0 0 0 0 0 0 0  \
  0 0 0 0 0 0 0 0 0 0  \
  0 0 0 0 0 0 0 0 0 0  \
  0 0 0 0 0 0 0 0 0 0  \
  0 0 0 0 0 0 0 0 0 0  \
  0 0 0 0 0 0 0 0 0 0  \
  0 0 0 0 0 0 0 0 0 0  \
  0 0 0 0 0 0 0 0 0 0  \
  0 0 0 0 0 0 0 0 0 0  \
  0 0 0 0 0 0 0 0 0 0  \
  0 0 0 0 0 0 0 0 0 0  \
  0 0 0 0 0 0 0 0 0 0  \
  0 0 0 0 0 0 0 0 0 0  \
  0 0 0 0 0 0 0 0 0 0  \
  0 0 0 0 0 0 0 0 0 0  \
  0 0 0 0 0 0 0 0 0 0  \
  0 0 0 0 0 0 0 0 0 0  \
  0 0 0 0 0 0 0 0 0 0  \
  0 0 0 0 0 0 0 0 0 0  \
  0 0 0 0 0 0 0 0 0 0  \
  0 0 0 0 0 0 0 0 0 0  \
  0 0 0 0 0 0 0 0 0 0  \
  0 0 0 0 0 0 0 0 0 0  \
  0 0 0 0 0 0 0 0 0 0  \
  0 0 0 0 0 0 0 0 0 0  \
  0 0 0 0 0 0 0 0 0 0  \
  0 0 0 0 0 0 0 0 0 0  \
  0 0 0 0 0 0 0 0 0 0  \
  0 0 0 0 0 0 0 0 0 0  \
  0 0 0 0 0 0 0 0 0 0  \
  0 0 0 0 0 0 0 0 0 0  \
  0 0 0 0 0 0 0 0 0 0  \
  0 0 0 0 0 0 0 0 0 0  \
  0 0 0 0 0 0 0 0 0 0  \
  0 0 0 0 0 0 0 0 0 0  \
  0 0 0 0 0 0 0 0 0 0  \
  0 0 0 0 0 0 0 0 0 0  \
  0 0 0 0 0 0 0 0 0 0  \
  0 0 0 0 0 0 0 0 0 0  \
  0 0 0 0 0 0 0 0 0 0  \
  0 0 0 0 0 0 0 0 0 0  \
  0 0 0 0 0 0 0 0 0 0  \
  0 0 0 0 0 0 0 0 0 0  \
  0 0 0 0 0 0 0 0 0 0  \
  0 0 0 0 0 0 0 0 0 0  \
  0 0 0 0 0 0 0 0 0 0  \
  0 0 0 0 0 0 0 0 0 0  \
  0 0 0 0 0 0 0 0 0 0  \
  0 0 0 0 0 0 0 0 0 0  \
  0 0 0 0 0 0 0 0 0 0  \
  0 0 0 0 0 0 0 0 0 0  \
  0 0 0 0 0 0 0 0 0 0  \
  0 0 0 0 0 0 0 0 0 0  \
  0 0 0 0 0 0 0 0 0 0  \
  0 0 0 0 0 0 0 0 0 0  \
  0 0 0 0 0 0 0 0 0 0  \
  0 0 0 0 0 0 0 0 0 0  \
  0 0 0 0 0 0 0 0 0 0  \
  0 0 0 0 0 0 0 0 0 0  \
  0 0 0 0 0 0 0 0 0 0  \
  0 0 0 0 0 0 0 0 0 0  \
  0 0 0 0 0 0 0 0 0 0  \
  0 0 0 0 0 0 0 0 0 0  \
  0 0 0 0 0 0 0 0 0 0  \
  0 0 0 0 0 0 0 0 0 0  \
  0 0 0 0 0 0 0 0 0 0  \
  0 0 0 0 0 0 0 0 0 0  \
  0 0 0 0 0 0 0 0 0 0  \
  0 0 0 0 0 0 0 0 0 0  \
  0 0 0 0 0 0 0 0 0 0  \
  0 0 0 0 0 0 0 0 0 0  \
  0 0 0 0 0 0 0 0 0 0  \
  0 0 0 0 0 0 0 0 0 0  \
  0 0 0 0 0 0 0 0 0 0  \
  0 0 0 0 0 0 0 0 0 0  \
  0 0 0 0 0 0 0 0 0 0  \
  0 0 0 0 0 0 0 0 0 0  \
  0 0 0 0 0 0 0 0 0 0  \
  0 0 0 0 0 0 0 0 0 0  \
  0 0 0 0 0 0 0 0 0 0  \
  0 0 0 0 0 0 0 0 0 0  \
  0 0 0 0 0 0 0 0 0 0  \
  0 0 0 0 0 0 0 0 0 0  \
  0 0 0 0 0 0 0 0 0 0  \
  0 0 0 0 0 0 0 0 0 0  \
  0 0 0 0 0 0 0 0 0 0  \
  0 0 0 0 0 0 0 0 0 0  \
  0 0 0 0 0 0 0 0 0 0  \
  0 0 0 0 0 0 0 0 0 0  \
  0 0 0 0 0 0 0 0 0 0  \
  0 0 0 0 0 0 0 0 0 0  \
  0 0 0 0 0 0 0 0 0 0  \
  0 0 0 0 0 0 0 0 0 0  \
  0 0 0 0 0 0 0 0 0 0  \
  0 0 0 0 0 0 0 0 0 0  \
  0 0 0 0 0 0 0 0 0 0  \
  0 0 0 0 0 0 0 0 0 0  \
  0 0 0 0 0 0 0 0 0 0  \
  0 0 0 0 0 0 0 0 0 0  \
  0 0 0 0 0 0 0 0 0 0  \
  0 0 0 0 0 0 0 0 0 0  \
  0 0 0 0 0 0 0 0 0 0  \
  0 0 0 0 0 0 0 0 0 0  \
  0 0 0 0 0 0 0 0 0 0  \
  0 0 0 0 0 0 0 0 0 0  \
  0 0 0 0 0 0 0 0 0 0  \
  0 0 0 0 0 0 0 0 0 0  \
  0 0 0 0 0 0 0 0 0 0  \
  0 0 0 0 0 0 0 0 0 0  \
  0 0 0 0 0 0 0 0 0 0  \
  0 0 0 0 0 0 0 0 0 0  \
  0 0 0 0 0 0 0 0 0 0  \
  0 0 0 0 0 0 0 0 0 0  \
  0 0 0 0 0 0 0 0 0 0  \
  0 0 0 0 0 0 0 0 0 0  \
  0 0 0 0 0 0 0 0 0 0  \
  0 0 0 0 0 0 0 0 0 0  \
  0 0 0 0 0 0 0 0 0 0  \
  0 0 0 0 0 0 0 0 0 0  \
  0 0 0 0 0 0 0 0 0 0  \
  0 0 0 0 0 0 0 0 0 0  \
  0 0 0 0 0 0 0 0 0 0  \
  0 0 0 0 0 0 0 0 0 0  \
  0 0 0 0 0 0 0 0 0 0  \
  0 0 0 0 0 0 0 0 0 0  \
  0 0 0 0 0 0 0 0 0 0  \
  0 0 0 0 0 0 0 0 0 0  \
  0 0 0 0 0 0 0 0 0 0  \
  0 0 0 0 0 0 0 0 0 0  \
  0 0 0 0 0 0 0 0 0 0  \
  0 0 0 0 0 0 0 0 0 0  \
  0 0 0 0 0 0 0 0 0 0  \
  0 0 0 0 0 0 0 0 0 0  \
  0 0 0 0 0 0 0 0 0 0  \
  0 0 0 0 0 0 0 0 0 0  \
  0 0 0 0 0 0 0 0 0 0  \
  0 0 0 0 0 0 0 0 0 0  \
  0 0 0 0 0 0 0 0 0 0  \
  0 0 0 0 0 0 0 0 0 0  \
  0 0 0 0 0 0 0 0 0 0  \
  0 0 0 0 0 0 0 0 0 0  \
  0 0 0 0 0 0 0 0 0 0  \
  0 0 0 0 0 0 0 0 0 0  \
  0 0 0 0 0 0 0 0 0 0  \
  0 0 0 0 0 0 0 0 0 0  \
  0 0 0 0 0 0 0 0 0 0  \
  0 0 0 0 0 0 0 0 0 0  \
  0 0 0 0 0 0 0 0 0 0  \
  0 0 0 0 0 0 0 0 0 0  \
  0 0 0 0 0 0 0 0 0 0  \
  0 0 0 0 0 0 0 0 0 0  \
  0 0 0 0 0 0 0 0 0 0  \
  0 0 0 0 0 0 0 0 0 0  \
  0 0 0 0 0 0 0 0 0 0  \
  0 0 0 0 0 0 0 0 0 0  \
  0 0 0 0 0 0 0 0 0 0  \
  0 0 0 0 0 0 0 0 0 0  \
  0 0 0 0 0 0 0 0 0 0  \
  0 0 0 0 0 0 0 0 0 0  \
  0 0 0 0 0 0 0 0 0 0  \
  0 0 0 0 0 0 0 0 0 0  \
  0 0 0 0 0 0 0 0 0 0  \
  0 0 0 0 0 0 0 0 0 0  \
  0 0 0 0 0 0 0 0 0 0  \
  0 0 0 0 0 0 0 0 0 0  \
  0 0 0 0 0 0 0 0 0 0  \
  0 0 0 0 0 0 0 0 0 0  \
  0 0 0 0 0 0 0 0 0 0  \
  0 0 0 0 0 0 0 0 0 0  \
  0 0 0 0 0 0 0 0 0 0  \
  0 0 0 0 0 0 0 0 0 0  \
  0 0 0 0 0 0 0 0 0 0  \
  0 0 0 0 0 0 0 0 0 0  \
  0 0 0 0 0 0 0 0 0 0  \
  0 0 0 0 0 0 0 0 0 0  \
  0 0 0 0 0 0 0 0 0 0  \
  0 0 0 0 0 0 0 0 0 0  \
  0 0 0 0 0 0 0 0 0 0  \
  0 0 0 0 0 0 0 0 0 0  \
  0 0 0 0 0 0 0 0 0 0  \
  0 0 0 0 0 0 0 0 0 0  \
  0 0 0 0 0 0 0 0 0 0  \
  0 0 0 0 0 0 0 0 0 0  \
  0 0 0 0 0 0 0 0 0 0  \
  0 0 0 0 0 0 0 0 0 0  \
  0 0 0 0 0 0 0 0 0 0  \
  0 0 0 0 0 0 0 0 0 0  \
  0 0 0 0 0 0 0 0 0 0  \
  0 0 0 0 0 0 0 0 0 0  \
  0 0 0 0 0 0 0 0 0 0  \
  0 0 0 0 0 0 0 0 0 0  \
  0 0 0 0 0 0 0 0 0 0  \
  0 0 0 0 0 0 0 0 0 0  \
  0 0 0 0 0 0 0 0 0 0  \
  0 0 0 0 0 0 0 0 0 0  \
  0 0 0 0 0 0 0 0 0 0  \
  0 0 0 0 0 0 0 0 0 0  \
  0 0 0 0 0 0 0 0 0 0  \
  0 0 0 0 0 0 0 0 0 0  \
  0 0 0 0 0 0 0 0 0 0  \
  0 0 0 0 0 0 0 0 0 0  \
  0 0 0 0 0 0 0 0 0 0  \
  0 0 0 0 0 0 0 0 0 0  \
  0 0 0 0 0 0 0 0 0 0  \
  0 0 0 0 0 0 0 0 0 0  \
  0 0 0 0 0 0 0 0 0 0  \
  0 0 0 0 0 0 0 0 0 0  \
  0 0 0 0 0 0 0 0 0 0  \
  0 0 0 0 0 0 0 0 0 0  \
  0 0 0 0 0 0 0 0 0 0  \
  0 0 0 0 0 0 0 0 0 0  \
  0 0 0 0 0 0 0 0 0 0  \
  0 0 0 0 0 0 0 0 0 0  \
  0 0 0 0 0 0 0 0 0 0  \
  0 0 0 0 0 0 0 0 0 0  \
  0 0 0 0 0 0 0 0 0 0  \
  0 0 0 0 0 0 0 0 0 0  \
  0 0 0 0 0 0 0 0 0 0  \
  0 0 0 0 0 0 0 0 0 0  \
  0 0 0 0 0 0 0 0 0 0  \
  0 0 0 0 0 0 0 0 0 0  \
  0 0 0 0 0 0 0 0 0 0  \
  0 0 0 0 0 0 0 0 0 0  \
  0 0 0 0 0 0 0 0 0 0  \
  0 0 0 0 0 0 0 0 0 0  \
  0 0 0 0 0 0 0 0 0 0  \
  0 0 0 0 0 0 0 0 0 0  \
  0 0 0 0 0 0 0 0 0 0  \
  0 0 0 0 0 0 0 0 0 0  \
  0 0 0 0 0 0 0 0 0 0  \
  0 0 0 0 0 0 0 0 0 0  \
  0 0 0 0 0 0 0 0 0 0  \
  0 0 0 0 0 0 0 0 0 0  \
  0 0 0 0 0 0 0 0 0 0  \
  0 0 0 0 0 0 0 0 0 0  \
  0 0 0 0 0 0 0 0 0 0  \
  0 0 0 0 0 0 0 0 0 0  \
  0 0 0 0 0 0 0 0 0 0  \
  0 0 0 0 0 0 0 0 0 0  \
  0 0 0 0 0 0 0 0 0 0  \
  0 0 0 0 0 0 0 0 0 0  \
  0 0 0 0 0 0 0 0 0 0  \
  0 0 0 0 0 0 0 0 0 0  \
  0 0 0 0 0 0 0 0 0 0  \
  0 0 0 0 0 0 0 0 0 0  \
  0 0 0 0 0 0 0 0 0 0  \
  0 0 0 0 0 0 0 0 0 0  \
  0 0 0 0 0 0 0 0 0 0  \
  0 0 0 0 0 0 0 0 0 0  \
  0 0 0 0 0 0 0 0 0 0  \
  0 0 0 0 0 0 0 0 0 0  \
  0 0 0 0 0 0 0 0 0 0  \
  0 0 0 0 0 0 0 0 0 0  \
  0 0 0 0 0 0 0 0 0 0  \
  0 0 0 0 0 0 0 0 0 0  \
  0 0 0 0 0 0 0 0 0 0  \
  0 0 0 0 0 0 0 0 0 0  \
  0 0 0 0 0 0 0 0 0 0  \
  0 0 0 0 0 0 0 0 0 0  \
  0 0 0 0 0 0 0 0 0 0  \
  0 0 0 0 0 0 0 0 0 0  \
  0 0 0 0 0 0 0 0 0 0  \
  0 0 0 0 0 0 0 0 0 0  \
  0 0 0 0 0 0 0 0 0 0  \
  0 0 0 0 0 0 0 0 0 0  \
  0 0 0 0 0 0 0 0 0 0  \
  0 0 0 0 0 0 0 0 0 0  \
  0 0 0 0 0 0 0 0 0 0  \
  0 0 0 0 0 0 0 0 0 0  \
  0 0 0 0 0 0 0 0 0 0  \
  0 0 0 0 0 0 0 0 0 0  \
  0 0 0 0 0 0 0 0 0 0  \
  0 0 0 0 0 0 0 0 0 0  \
  0 0 0 0 0 0 0 0 0 0  \
  0 0 0 0 0 0 0 0 0 0  \
  0 0 0 0 0 0 0 0 0 0  \
  0 0 0 0 0 0 0 0 0 0  \
  0 0 0 0 0 0 0 0 0 0  \
  0 0 0 0 0 0 0 0 0 0  \
  0 0 0 0 0 0 0 0 0 0  \
  0 0 0 0 0 0 0 0 0 0  \
  0 0 0 0 0 0 0 0 0 0  \
  0 0 0 0 0 0 0 0 0 0  \
  0 0 0 0 0 0 0 0 0 0  \
  0 0 0 0 0 0 0 0 0 0  \
  0 0 0 0 0 0 0 0 0 0  \
  0 0 0 0 0 0 0 0 0 0  \
  0 0 0 0 0 0 0 0 0 0  \
  0 0 0 0 0 0 0 0 0 0  \
  0 0 0 0 0 0 0 0 0 0  \
  0 0 0 0 0 0 0 0 0 0  \
  0 0 0 0 0 0 0 0 0 0  \
  0 0 0 0 0 0 0 0 0 0  \
  0 0 0 0 0 0 0 0 0 0  \
  0 0 0 0 0 0 0 0 0 0  \
  0 0 0 0 0 0 0 0 0 0  \
  0 0 0 0 0 0 0 0 0 0  \
  0 0 0 0 0 0 0 0 0 0  \
  0 0 0 0 0 0 0 0 0 0  \
  0 0 0 0 0 0 0 0 0 0  \
  0 0 0 0 0 0 0 0 0 0  \
  0 0 0 0 0 0 0 0 0 0  \
  0 0 0 0 0 0 0 0 0 0  \
  0 0 0 0 0 0 0 0 0 0  \
  0 0 0 0 0 0 0 0 0 0  \
  0 0 0 0 0 0 0 0 0 0  \
  0 0 0 0 0 0 0 0 0 0  \
  0 0 0 0 0 0 0 0 0 0  \
  0 0 0 0 0 0 0 0 0 0  \
  0 0 0 0 0 0 0 0 0 0  \
  0 0 0 0 0 0 0 0 0 0  \
  0 0 0 0 0 0 0 0 0 0  \
  0 0 0 0 0 0 0 0 0 0  \
  0 0 0 0 0 0 0 0 0 0  \
  0 0 0 0 0 0 0 0 0 0  \
  0 0 0 0 0 0 0 0 0 0  \
  0 0 0 0 0 0 0 0 0 0  \
  0 0 0 0 0 0 0 0 0 0  \
  0 0 0 0 0 0 0 0 0 0  \
  0 0 0 0 0 0 0 0 0 0  \
  0 0 0 0 0 0 0 0 0 0  \
  0 0 0 0 0 0 0 0 0 0  \
  0 0 0 0 0 0 0 0 0 0  \
  0 0 0 0 0 0 0 0 0 0  \
  0 0 0 0 0 0 0 0 0 0  \
  0 0 0 0 0 0 0 0 0 0  \
  0 0 0 0 0 0 0 0 0 0  \
  0 0 0 0 0 0 0 0 0 0  \
  0 0 0 0 0 0 0 0 0 0  \
  0 0 0 0 0 0 0 0 0 0  \
  0 0 0 0 0 0 0 0 0 0  \
  0 0 0 0 0 0 0 0 0 0  \
  0 0 0 0 0 0 0 0 0 0  \
  0 0 0 0 0 0 0 0 0 0  \
  0 0 0 0 0 0 0 0 0 0  \
  0 0 0 0 0 0 0 0 0 0  \
  0 0 0 0 0 0 0 0 0 0  \
  0 0 0 0 0 0 0 0 0 0  \
  0 0 0 0 0 0 0 0 0 0  \
  0 0 0 0 0 0 0 0 0 0  \
  0 0 0 0 0 0 0 0 0 0  \
  0 0 0 0 0 0 0 0 0 0  \
  0 0 0 0 0 0 0 0 0 0  \
  0 0 0 0 0 0 0 0 0 0  \
  0 0 0 0 0 0 0 0 0 0  \
  0 0 0 0 0 0 0 0 0 0  \
  0 0 0 0 0 0 0 0 0 0  \
  0 0 0 0 0 0 0 0 0 0  \
  0 0 0 0 0 0 0 0 0 0  \
  0 0 0 0 0 0 0 0 0 0  \
  0 0 0 0 0 0 0 0 0 0  \
  0 0 0 0 0 0 0 0 0 0  \
  0 0 0 0 0 0 0 0 0 0  \
  0 0 0 0 0 0 0 0 0 0  \
  0 0 0 0 0 0 0 0 0 0  \
  0 0 0 0 0 0 0 0 0 0  \
  0 0 0 0 0 0 0 0 0 0  \
  0 0 0 0 0 0 0 0 0 0  \
  0 0 0 0 0 0 0 0 0 0  \
  0 0 0 0 0 0 0 0 0 0  \
  0 0 0 0 0 0 0 0 0 0  \
  0 0 0 0 0 0 0 0 0 0  \
  0 0 0 0 0 0 0 0 0 0  \
  0 0 0 0 0 0 0 0 0 0  \
  0 0 0 0 0 0 0 0 0 0  \
  0 0 0 0 0 0 0 0 0 0  \
  0 0 0 0 0 0 0 0 0 0  \
  0 0 0 0 0 0 0 0 0 0  \
  0 0 0 0 0 0 0 0 0 0  \
  0 0 0 0 0 0 0 0 0 0  \
  0 0 0 0 0 0 0 0 0 0  \
  0 0 0 0 0 0 0 0 0 0  \
  0 0 0 0 0 0 0 0 0 0  \
  0 0 0 0 0 0 0 0 0 0  \
  0 0 0 0 0 0 0 0 0 0  \
  0 0 0 0 0 0 0 0 0 0  \
  0 0 0 0 0 0 0 0 0 0  \
  0 0 0 0 0 0 0 0 0 0  \
  0 0 0 0 0 0 0 0 0 0  \
  0 0 0 0 0 0 0 0 0 0  \
  0 0 0 0 0 0 0 0 0 0  \
  0 0 0 0 0 0 0 0 0 0  \
  0 0 0 0 0 0 0 0 0 0  \
  0 0 0 0 0 0 0 0 0 0  \
  0 0 0 0 0 0 0 0 0 0  \
  0 0 0 0 0 0 0 0 0 0  \
  0 0 0 0 0 0 0 0 0 0  \
  0 0 0 0 0 0 0 0 0 0  \
  0 0 0 0 0 0 0 0 0 0  \
  0 0 0 0 0 0 0 0 0 0  \
  0 0 0 0 0 0 0 0 0 0  \
  0 0 0 0 0 0 0 0 0 0  \
  0 0 0 0 0 0 0.479173 1.33205 -0.141513 1.30868  \
  -0.213502 1.24694 0 0 -0.118375 1.25932 -0.0193685 1.27196 0.0673167 1.33627  \
  0.294453 1.36502 -0.114152 1.36942 -0.00615944 1.38437 -0.114152 1.36942 0 0  \
  0.106656 1.39965 0.106656 1.39965 0.164947 1.40742 0.0496305 1.39197 0.246312 1.30467  \
  0.0134601 1.32926 -0.0392798 1.32233 -0.141513 1.30868 0 0 0.0134601 1.32926  \
  0.302756 1.31141 0.191004 1.29799 -0.23958 1.29531 -0.411428 1.32642 -0.0392798 1.32233  \
  0.360362 1.31822 0.0134601 1.32926 -0.217552 1.35479 0.178487 1.35049 0.60297 1.34618  \
  0 0 0 0 0 0 0 0 0 0  \
  0 0 0 0 0 0 0 0 0 0  \
  0 0 0 0 0 0 0 0 0 0  \
  0 0 0 0 0 0 0 0 0 0  \
  0 0 0 0 0 0 0 0 0 0  \
  0 0 0 0 0 0 0 0 0 0  \
  0 0 0 0 0 0 0 0 0 0  \
  0 0 0 0 0 0 0 0 0 0  \
  0.106656 1.39965 -0.193283 1.41999 0.285455 1.42321 -0.297777 1.40425 -0.67089 1.40883  \
  -0.39767 1.38886 -0.39767 1.38886 0.285455 1.42321 0.224536 1.41527 3.28457 1.43028  \
  76.9398 1.44437 -1.92623 1.36124 33.8075 1.66964 0.00459327 1.7708 35.433 1.66049  \
  0.606922 1.40273 0 0 0 0 0 0 0 0  \
  0 0 0 0 0 0 0 0 0 0  \
  0 0 0 0 0 0 0 0 0 0  \
  0 0 0 0 0 0 0 0 0 0  \
  0 0 0 0 0 0 0 0 0 0  \
  0 0 0 0 0 0 0 0 0 0  \
  0 0 0 0 0 0 0 0 0 0  \
  0 0 0 0 0 0 0 0 0 0  \
  0 0 -0.316576 1.34045 0.122316 1.34334 -0.0392798 1.32233 -0.090929 1.31547  \
  -0.141513 1.30868 0.0836954 1.28485 -0.141513 1.30868 -0.141513 1.30868 0.106656 1.39965  \
  -0.060744 1.37686 0.0496305 1.39197 -0.445961 1.38129 0.164947 1.40742 -0.39767 1.38886  \
  0.164947 1.40742 0.106656 1.39965 -0.141513 1.30868 0.0673167 1.33627 0.0134601 1.32926  \
  -0.090929 1.31547 0.122316 1.34334 -0.267598 1.34758 0.0673167 1.33627 -0.090929 1.31547  \
  0.0673167 1.33627 -0.0392798 1.32233 0 0 0.360362 1.31822 -0.316576 1.34045  \
  -0.0392798 1.32233 -0.060744 1.37686 0 0 0 0 0 0  \
  0 0 0 0 0 0 0 0 0 0  \
  0 0 0 0 0 0 0 0 0 0  \
  0 0 0 0 0 0 0 0 0 0  \
  0 0 0 0 0 0 0 0 0 0  \
  0 0 0 0 0 0 0 0 0 0  \
  0 0 0 0 0 0 0 0 0 0  \
  0 0 0 0 0 0 0 0 0 0  \
  0 0 0 0 0 0 0 0 0.224536 1.41527  \
  -0.24612 1.41208 0 0 -0.00615944 1.38437 0 0 -0.114152 1.36942  \
  -0.24612 1.41208 0.954931 1.44256 0.411421 1.43935 -0.0839493 1.43608 0.731994 1.3606  \
  -2.03999 1.49069 26.4933 1.68488 22.1257 1.71181 2.96803 1.40665 0 0  \
  0 0 0 0 0 0 0 0 0 0  \
  0 0 0 0 0 0 0 0 0 0  \
  0 0 0 0 0 0 0 0 0 0  \
  0 0 0 0 0 0 0 0 0 0  \
  0 0 0 0 0 0 0 0 0 0  \
  0 0 0 0 0 0 0 0 0 0  \
  0 0 0 0 0 0 0 0 0 0  \
  0 0 0 0 0 0 0 0 0.191004 1.29799  \
  0.0134601 1.32926 0.178487 1.35049 -0.0392798 1.32233 0.178487 1.35049 -0.166412 1.36206  \
  -0.090929 1.31547 -0.23958 1.29531 0.541723 1.39503 0 0 -0.00615944 1.38437  \
  0 0 -0.139236 1.42799 0.347739 1.43123 0 0 0.224536 1.41527  \
  25.0313 1.30327 119.811 1.28905 22.8708 1.28946 15.8725 1.30057 100.779 1.34351  \
  21.0557 1.30617 18.668 1.31 26.1685 1.29796 -0.0392798 1.32233 0.122316 1.34334  \
  0.0673167 1.33627 -0.090929 1.31547 0 0 -0.0392798 1.32233 0.302756 1.31141  \
  -0.0392798 1.32233 0 0 0 0 0 0 0 0  \
  0 0 0 0 0 0 0 0 0 0  \
  0 0 0 0 0 0 0 0 0 0  \
  0 0 0 0 0 0 0 0 0 0  \
  0 0 0 0 0 0 0 0 0 0  \
  0 0 0 0 0 0 0 0 0 0  \
  0 0 0 0 0 0 0 0 0 0  \
  0 0 0 0 0 0 0 0 0 0  \
  0 0 0.164947 1.40742 0.224536 1.41527 0.67354 1.41052 -0.193283 1.41999  \
  -0.0839493 1.43608 -0.193283 1.41999 -2.07724 1.53635 -0.139236 1.42799 2.00571 1.43248  \
  -0.53174 1.43274 -0.24612 1.41208 1.38442 1.42946 0.0896769 1.46089 1.91714 1.42447  \
  -2.06919 1.30829 -1.5657 1.52608 0 0 0 0 0 0  \
  0 0 0 0 0 0 0 0 0 0  \
  0 0 0 0 0 0 0 0 0 0  \
  0 0 0 0 0 0 0 0 0 0  \
  0 0 0 0 0 0 0 0 0 0  \
  0 0 0 0 0 0 0 0 0 0  \
  0.224536 1.41527 -0.0839493 1.43608 -0.316576 1.34045 -0.267598 1.34758 0.122316 1.34334  \
  0 0 0 0 0 0 0 0 0 0  \
  0 0 -0.386791 1.69957 0.224536 1.41527 -0.139236 1.42799 0 0  \
  0 0 0 0 0 0 0 0 0 0  \
  0 0 0 0 0 0 -0.483154 1.44089 -0.0839493 1.43608  \
  0.0896769 1.46089 -0.217552 1.35479 0 0 -0.0392798 1.32233 0 0  \
  0 0 0 0 0 0 0 0 0 0  \
  0.0304739 1.45253 -0.0273902 1.44425 0.347739 1.43123 0 0 0 0  \
  0 0 0 0 0 0 0 0 0 0  \
  0 0 0 0 -0.217552 1.35479 0.178487 1.35049 -0.166412 1.36206  \
  508.75 0.809582 516.25 0.790557 516.25 0.790557 0 0 0 0  \
  0 0 0 0 0 0 0 0 0 0  \
  0 0 0 0 -1.24183 1.51627 -0.382503 1.45747 -0.139236 1.42799  \
  0 0 0 0 0 0 0 0 0 0  \
  0 0 -0.217552 1.35479 -0.267598 1.34758 -0.060744 1.37686 521.25 0.778177  \
  516.25 0.790557 511.25 0.803178 0 0 0 0 0 0  \
  0 0 0 0 0 0 0 0 0 0  \
  0 0 -0.330377 1.4659 -0.433418 1.44913 0.347739 1.43123 0 0  \
  0 0 0 0 0 0 0 0 0 0  \
  0 0 0 0 0 0 0 0 0 0  \
  0 0 0 0 0 0 0 0 0 0  \
  0 0 0 0 0 0 0 0 0 0  \
  0 0 0 0 0 0 0 0 0 0  \
  0 0 0 0 0 0 0 0 0 0  \
  0 0 0 0 0 0 0 0 0 0  \
  0 0 0 0 0 0 0 0 0 0  \
  0 0 0 0 0 0 0 0 0 0  \
  0 0 0 0 0 0 0 0 0 0  \
  0 0 0 0 0 0 0 0 0 0  \
  0 0 0 0 0 0 0 0 0 0  \
  0 0 0 0 0 0 0 0 0 0  \
  0 0 0 0 0 0 0 0 0 0  \
  0 0 0 0 0 0 0 0 0 0  \
  0 0 0 0 0 0 0 0 0 0  \
  0 0 0 0 0 0 0 0 0 0  \
  0 0 0 0 0 0 0 0 0 0  \
  0 0 0 0 0 0 0 0 0 0  \
  0 0 0 0 0 0 0 0 0 0  \
  0 0 0 0 0 0 0 0 0 0  \
  0 0 0 0 0 0 0 0 0 0  \
  0 0 0 0 0 0 0 0 0 0  \
  0 0 0 0 0 0 0 0 0 0  \
  0 0 0 0 0 0 0 0 0 0  \
  0 0 0 0 0 0 0 0 0 0  \
  0 0 0 0 0 0 0 0 0 0  \
  0 0 0 0 0 0 0 0 0 0  \
  0 0 0 0 0 0 0 0 0 0  \
  0 0 0 0 0 0 0 0 0 0  \
  0 0 0 0 0 0 0 0 0 0  \
  0 0 0 0 0 0 0 0 0 0  \
  0 0 0 0 0 0 0 0 0 0  \
  0 0 0 0 0 0 0 0 0 0  \
  0 0 0 0 0 0 0 0 0 0  \
  0 0 0 0 0 0 0 0 0 0  \
  0 0 0 0 0 0 0 0 0 0  \
  0 0 0 0 0 0 0 0 0 0  \
  0 0 0 0 0 0 0 0 0 0  \
  0 0 0 0 0 0 0 0 0 0  \
  0 0 0 0 0 0 0 0 0 0  \
  0 0 0 0 0 0 0 0 0 0  \
  0 0 0 0 0 0 0 0 0 0  \
  0 0 0 0 0 0 0 0 0 0  \
  0 0 0 0 0 0 0 0 0 0  \
  0 0 0 0 0 0 0 0 0 0  \
  0 0 0 0 0 0 0 0 0 0  \
  0 0 0 0 0 0 0 0 0 0  \
  0 0 0 0 0 0 0 0 0 0  \
  0 0 0 0 0 0 0 0 0 0  \
  0 0 0 0 0 0 0 0 0 0  \
  0 0 0 0 0 0 0 0 0 0  \
  0 0 0 0 0 0 0 0 0 0  \
  0 0 0 0 0 0 0 0 0 0  \
  0 0 0 0 0 0 0 0 0 0  \
  0 0 0 0 0 0 0 0 0 0  \
  0 0 0 0 0 0 0 0 0 0  \
  0 0 0 0 0 0 0 0 0 0  \
  0 0 0 0 0 0 0 0 0 0  \
  0 0 0 0 0 0 0 0 0 0  \
  0 0 0 0 0 0 0 0 0 0  \
  0 0 0 0 0 0 0 0 0 0  \
  0 0 0 0 0 0 0 0 0 0  \
  0 0 0 0 0 0 0 0 0 0  \
  0 0 0 0 0 0 0 0 0 0  \
  0 0 0 0 0 0 0 0 0 0  \
  0 0 0 0 0 0 0 0 0 0  \
  0 0 0 0 0 0 0 0 0 0  \
  0 0 0 0 0 0 0 0 0 0  \
  0 0 0 0 0 0 0 0 0 0  \
  0 0 0 0 0 0 0 0 0 0  \
  0 0 0 0 0 0 0 0 0 0  \
  0 0 0 0 0 0 0 0 0 0  \
  0 0 0 0 0 0 0 0 0 0  \
  0 0 0 0 0 0 0 0 0 0  \
  0 0 0 0 0 0 0 0 0 0  \
  0 0 0 0 0 0 0 0 0 0  \
  0 0 0 0 0 0 0 0 0 0  \
  0 0 0 0 0 0 0 0 0 0  \
  0 0 0 0 0 0 0 0 0 0  \
  0 0 0 0 0 0 0 0 0 0  \
  0 0 0 0 0 0 0 0 0 0  \
  0 0 0 0 0 0 0 0 0 0  \
  0 0 0 0 0 0 0 0 0 0  \
  0 0 0 0 0 0 0 0 0 0  \
  0 0 0 0 0 0 0 0 0 0  \
  0 0 0 0 0 0 0 0 0 0  \
  0 0 0 0 0 0 0 0 0 0  \
  0 0 0 0 0 0 0 0 0 0  \
  0 0 0 0 0 0 0 0 0 0  \
  0 0 0 0 0 0 0 0 0 0  \
  0 0 0 0 0 0 0 0 0 0  \
  0 0 0 0 0 0 0 0 0 0  \
  0 0 0 0 0 0 0 0 0 0  \
  0 0 0 0 0 0 0 0 0 0  \
  0 0 0 0 0 0 0 0 0 0  \
  0 0 0 0 0 0 0 0 0 0  \
  0 0 0 0 0 0 0 0 0 0  \
  0 0 0 0 0 0 0 0 0 0  \
  0 0 0 0 0 0 0 0 0 0  \
  0 0 0 0 0 0 0 0 0 0  \
  0 0 0 0 0 0 0 0 0 0  \
  0 0 0 0 0 0 0 0 0 0  \
  0 0 0 0 0 0 0 0 0 0  \
  0 0 0 0 0 0 0 0 0 0  \
  0 0 0 0 0 0 0 0 0 0  \
  0 0 0 0 0 0 0 0 0 0  \
  0 0 0 0 0 0 0 0 0 0  \
  0 0 0 0 0 0 0 0 0 0  \
  0 0 0 0 0 0 0 0 0 0  \
  0 0 0 0 0 0 0 0 0 0  \
  0 0 0 0 0 0 0 0 0 0  \
  0 0 0 0 0 0 0 0 0 0  \
  0 0 0 0 0 0 0 0 0 0  \
  0 0 0 0 0 0 0 0 0 0  \
  0 0 0 0 0 0 0 0 0 0  \
  0 0 0 0 0 0 0 0 0 0  \
  0 0 0 0 0 0 0 0 0 0  \
  0 0 0 0 0 0 0 0 0 0  \
  0 0 0 0 0 0 0 0 0 0  \
  0 0 0 0 0 0 0 0 0 0  \
  0 0 0 0 0 0 0 0 0 0  \
  0 0 0 0 0 0 0 0 0 0  \
  0 0 0 0 0 0 0 0 0 0  \
  0 0 0 0 0 0 0 0 0 0  \
  0 0 0 0 0 0 0 0 0 0  \
  0 0 0 0 0 0 0 0 0 0  \
  0 0 0 0 0 0 0 0 0 0  \
  0 0 0 0 0 0 0 0 0 0  \
  0 0 0 0 0 0 0 0 0 0  \
  0 0 0 0 0 0 0 0 0 0  \
  0 0 0 0 0 0 0 0 0 0  \
  0 0 0 0 0 0 0 0 0 0  \
  0 0 0 0 0 0 0 0 0 0  \
  0 0 0 0 0 0 0 0 0 0  \
  0 0 0 0 0 0 0 0 0 0  \
  0 0 0 0 0 0 0 0 0 0  \
  0 0 0 0 0 0 0 0 0 0  \
  0 0 0 0 0 0 0 0 0 0  \
  0 0 0 0 0 0 0 0 0 0  \
  0 0 0 0 0 0 0 0 0 0  \
  0 0 0 0 0 0 0 0 0 0  \
  0 0 0 0 0 0 0 0 0 0  \
  0 0 0 0 0 0 0 0 0 0  \
  0 0 0 0 0 0 0 0 0 0  \
  0 0 0 0 0 0 0 0 0 0  \
  0 0 0 0 0 0 0 0 0 0  \
  0 0 0 0 0 0 0 0 0 0  \
  0 0 0 0 0 0 0 0 0 0  \
  0 0 0 0 0 0 0 0 0 0  \
  0 0 0 0 0 0 0 0 0 0  \
  0 0 0 0 0 0 0 0 0 0  \
  0 0 0 0 0 0 0 0 0 0  \
  0 0 0 0 0 0 0 0 0 0  \
  0 0 0 0 0 0 0 0 0 0  \
  0 0 0 0 0 0 0 0 0 0  \
  0 0 0 0 0 0 0 0 0 0  \
  0 0 0 0 0 0 0 0 0 0  \
  0 0 0 0 0 0 0 0 0 0  \
  0 0 0 0 0 0 0 0 0 0  \
  0 0 0 0 0 0 0 0 0 0  \
  0 0 0 0 0 0 0 0 0 0  \
  0 0 0 0 0 0 0 0 0 0  \
  0 0 0 0 0 0 0 0 0 0  \
  0 0 0 0 0 0 0 0 0 0  \
  0 0 0 0 0 0 0 0 0 0  \
  0 0 0 0 0 0 0 0 0 0  \
  0 0 0 0 0 0 0 0 0 0  \
  0 0 0 0 0 0 0 0 0 0  \
  0 0 0 0 0 0 0 0 0 0  \
  0 0 0 0 0 0 0 0 0 0  \
  0 0 0 0 0 0 0 0 0 0  \
  0 0 0 0 0 0 0 0 0 0  \
  0 0 0 0 0 0 0 0 0 0  \
  0 0 0 0 0 0 0 0 0 0  \
  0 0 0 0 0 0 0 0 0 0  \
  0 0 0 0 0 0 0 0 0 0  \
  0 0 0 0 0 0 0 0 0 0  \
  0 0 0 0 0 0 0 0 0 0  \
  0 0 0 0 0 0 0 0 0 0  \
  0 0 0 0 0 0 0 0 0 0  \
  0 0 0 0 0 0 0 0 0 0  \
  0 0 0 0 0 0 0 0 0 0  \
  0 0 0 0 0 0 0 0 0 0  \
  0 0 0 0 0 0 0 0 0 0  \
  0 0 0 0 0 0 0 0 0 0  \
  0.307944 14.9094 -0.166412 14.2398 0.0599059 14.567 0.307944 14.9094 0.0599059 14.567  \
  1.30239 14.8035 0.0599059 14.567 0.0599059 14.567 0.991861 14.4666 -0.0558308 14.4015  \
  -0.0558308 14.4015 0.84653 14.3038 -0.0558308 14.4015 -0.0558308 14.4015 0.707392 14.1445  \
  0.707392 14.1445 -0.0558308 14.4015 -0.272094 14.0816 0.574147 13.9887 -0.272094 14.0816  \
  -0.272094 14.0816 0.707392 14.1445 -0.0558308 14.4015 0.84653 14.3038 0.0599059 14.567  \
  0.44084 15.0866 10.3399 13.5971 3.6794 14.5887 -0.272094 14.0816 1.1437 14.6332  \
  1.70367 14.0483 1.1437 14.6332 0.181068 14.7362 0.0599059 14.567 0.181068 14.7362  \
  0.707392 14.1445 0.707392 14.1445 0.58008 15.268 -0.0558308 14.4015 1.30239 14.8035  \
  0.707392 14.1445 -0.166412 14.2398 0.991861 14.4666 1.87354 14.205 0.0599059 14.567  \
  1.1437 14.6332 0.991861 14.4666 2.2355 14.529 -0.0558308 14.4015 0.0599059 14.567  \
  0.574147 13.9887 0.84653 14.3038 -0.272094 14.0816 0.446512 13.8362 0.446512 13.8362  \
  -0.166412 14.2398 1.46829 14.9778 0.84653 14.3038 -0.0558308 14.4015 0.84653 14.3038  \
  0.181068 14.7362 0.181068 14.7362 0.181068 14.7362 0.84653 14.3038 0.879005 15.6441  \
  0.879005 15.6441 0.58008 15.268 1.82326 15.3388 0.879005 15.6441 -0.225128 15.5675  \
  0.726012 15.4538 1.82326 15.3388 -0.272094 14.0816 -0.166412 14.2398 0.0599059 14.567  \
  0.707392 14.1445 -0.0558308 14.4015 -0.166412 14.2398 -0.166412 14.2398 -0.166412 14.2398  \
  -0.0558308 14.4015 0.707392 14.1445 0.84653 14.3038 0.84653 14.3038 0.707392 14.1445  \
  -0.166412 14.2398 -0.166412 14.2398 0.84653 14.3038 -0.469705 13.7753 -0.469705 13.7753  \
  0.707392 14.1445 0.324221 13.687 0.707392 14.1445 0.20702 13.541 -0.0558308 14.4015  \
  0.446512 13.8362 0.181068 14.7362 1.1437 14.6332 0.707392 14.1445 1.1437 14.6332  \
  0.0599059 14.567 0.181068 14.7362 -0.166412 14.2398 -0.0558308 14.4015 0.307944 14.9094  \
  0.84653 14.3038 0.991861 14.4666 0.574147 13.9887 -0.272094 14.0816 1.30239 14.8035  \
  -0.0558308 14.4015 0.991861 14.4666 58.8632 12.3889 52.75 12.1303 41.3062 12.602  \
  52.75 12.1303 36.25 17.8793 89.9675 11.8925 50.25 12.7587 51.75 12.3744  \
  0.181068 14.7362 0.707392 14.1445 -0.272094 14.0816 -0.272094 14.0816 0.181068 14.7362  \
  -0.0558308 14.4015 0.84653 14.3038 -0.0558308 14.4015 -0.548479 15.014 0.181068 14.7362  \
  0.0599059 14.567 -0.6461 14.8381 0.181068 14.7362 0.181068 14.7362 0.0599059 14.567  \
  0.0599059 14.567 0.991861 14.4666 0.991861 14.4666 0.84653 14.3038 0.0599059 14.567  \
  -0.166412 14.2398 -0.0558308 14.4015 0.0599059 14.567 -0.0558308 14.4015 0.707392 14.1445  \
  0.707392 14.1445 0.574147 13.9887 0.707392 14.1445 -0.166412 14.2398 0.707392 14.1445  \
  0.707392 14.1445 -0.0558308 14.4015 -0.166412 14.2398 0.58008 15.268 1.1437 14.6332  \
  0.0599059 14.567 -0.166412 14.2398 0.181068 14.7362 -0.0558308 14.4015 0.181068 14.7362  \
  -0.166412 14.2398 0.181068 14.7362 -0.272094 14.0816 -0.0558308 14.4015 0.991861 14.4666  \
  0.0599059 14.567 0.307944 14.9094 0.0599059 14.567 0.84653 14.3038 0.707392 14.1445  \
  0.84653 14.3038 0.0599059 14.567 0.0599059 14.567 0.0599059 14.567 0.84653 14.3038  \
  0.181068 14.7362 0.707392 14.1445 0.181068 14.7362 0.991861 14.4666 -0.272094 14.0816  \
  0.0599059 14.567 0.0599059 14.567 -0.562074 13.6271 0.0599059 14.567 0.0599059 14.567  \
  0.574147 13.9887 -0.0558308 14.4015 0.84653 14.3038 0.181068 14.7362 -0.338274 15.3786  \
  0.181068 14.7362 -0.166412 14.2398 -0.225128 15.5675 -0.225128 15.5675 -0.225128 15.5675  \
  -0.342515 11.8242 0.726012 15.4538 -0.338274 15.3786 -0.225128 15.5675 1.46829 14.9778  \
  0.0599059 14.567 -0.166412 14.2398 0.0599059 14.567 -0.166412 14.2398 -0.0558308 14.4015  \
  0.574147 13.9887 -0.827652 14.4982 -0.272094 14.0816 0.991861 14.4666 0.991861 14.4666  \
  -0.272094 14.0816 -0.272094 14.0816 -0.166412 14.2398 -0.166412 14.2398 -0.0558308 14.4015  \
  -0.0558308 14.4015 -0.912048 14.3339 0.574147 13.9887 0.574147 13.9887 -0.166412 14.2398  \
  1.1437 14.6332 0.446512 13.8362 0.20702 13.541 0.20702 13.541 0.0599059 14.567  \
  -0.166412 14.2398 1.30239 14.8035 -0.0558308 14.4015 0.707392 14.1445 0.0599059 14.567  \
  0.0599059 14.567 0.0599059 14.567 0.0599059 14.567 0.991861 14.4666 0.84653 14.3038  \
  0.0599059 14.567 -0.272094 14.0816 0.181068 14.7362 -0.0558308 14.4015 0.0599059 14.567  \
  67.6357 12.0565 78.7092 12.1368 63.3229 12.7238 5.7118 11.7385 55.75 11.4507  \
  50.75 12.6281 56.2275 11.863 4.82354 11.3238 0.181068 14.7362 0.0599059 14.567  \
  -0.0558308 14.4015 0.44084 15.0866 0.181068 14.7362 0.0599059 14.567 0.307944 14.9094  \
  0.181068 14.7362 0.574147 13.9887 -0.272094 14.0816 60.3054 12.4988 0.84653 14.3038  \
  0.574147 13.9887 -0.373116 13.9268 0 0 69.2187 12.159 -0.548479 15.014  \
  0.181068 14.7362 0.307944 14.9094 0.181068 14.7362 0.307944 14.9094 0.181068 14.7362  \
  0.181068 14.7362 0.307944 14.9094 -0.373116 13.9268 0.0599059 14.567 0.84653 14.3038  \
  -0.0558308 14.4015 0.991861 14.4666 -0.166412 14.2398 -0.0558308 14.4015 -0.0558308 14.4015  \
  0.181068 14.7362 -0.0558308 14.4015 -0.0558308 14.4015 0.991861 14.4666 1.1437 14.6332  \
  1.1437 14.6332 -0.0558308 14.4015 0.307944 14.9094 0.84653 14.3038 -0.166412 14.2398  \
  0.84653 14.3038 -0.166412 14.2398 0.84653 14.3038 0.181068 14.7362 0.307944 14.9094  \
  0.84653 14.3038 0.58008 15.268 0.0599059 14.567 -0.0558308 14.4015 -0.0558308 14.4015  \
  0.84653 14.3038 0.991861 14.4666 0.0599059 14.567 0.991861 14.4666 0.0599059 14.567  \
  0.307944 14.9094 0.181068 14.7362 0.181068 14.7362 0.44084 15.0866 0.181068 14.7362  \
  -0.548479 15.014 0.0599059 14.567 -0.0558308 14.4015 0.84653 14.3038 0.0599059 14.567  \
  0.707392 14.1445 0.181068 14.7362 -0.744112 16.2853 0.307944 14.9094 -0.0558308 14.4015  \
  0.879005 15.6441 0.58008 15.268 -0.225128 15.5675 -0.106215 15.7611 -0.225128 15.5675  \
  -0.106215 15.7611 0.879005 15.6441 0 0 0.181068 14.7362 -0.0558308 14.4015  \
  -0.0558308 14.4015 0.0599059 14.567 0.0599059 14.567 0.0599059 14.567 0 0  \
  0.707392 14.1445 -0.166412 14.2398 -0.166412 14.2398 0.0599059 14.567 0.181068 14.7362  \
  0.0599059 14.567 -0.0558308 14.4015 0.84653 14.3038 0.991861 14.4666 0.181068 14.7362  \
  0.181068 14.7362 0.84653 14.3038 0.0599059 14.567 -0.0558308 14.4015 0.991861 14.4666  \
  -0.0558308 14.4015 0.84653 14.3038 0.181068 14.7362 1.1437 14.6332 0.181068 14.7362  \
  0.44084 15.0866 0.0599059 14.567 0.307944 14.9094 0.0599059 14.567 0.181068 14.7362  \
  -0.272094 14.0816 0.84653 14.3038 0.84653 14.3038 0.707392 14.1445 0.707392 14.1445  \
  0.707392 14.1445 0.181068 14.7362 -0.0558308 14.4015 0.181068 14.7362 0.181068 14.7362  \
  0.181068 14.7362 0 0 0.181068 14.7362 0.181068 14.7362 0.181068 14.7362  \
  0.181068 14.7362 0.181068 14.7362 0.991861 14.4666 0.0599059 14.567 0.84653 14.3038  \
  0.181068 14.7362 0.181068 14.7362 0.44084 15.0866 -0.0558308 14.4015 0.707392 14.1445  \
  -0.166412 14.2398 -0.272094 14.0816 0.84653 14.3038 -0.272094 14.0816 0.707392 14.1445  \
  0.574147 13.9887 -0.166412 14.2398 -0.6461 14.8381 0.181068 14.7362 0.181068 14.7362  \
  0.181068 14.7362 0.44084 15.0866 0.181068 14.7362 0.181068 14.7362 0.307944 14.9094  \
  0 0 0.707392 14.1445 -0.166412 14.2398 -0.0558308 14.4015 -0.0558308 14.4015  \
  -0.0558308 14.4015 -0.166412 14.2398 0.707392 14.1445 0 0 -0.0558308 14.4015  \
  -0.0558308 14.4015 0.181068 14.7362 0.181068 14.7362 -0.739078 14.6662 -0.166412 14.2398  \
  0.181068 14.7362 -0.166412 14.2398 -0.0558308 14.4015 0.991861 14.4666 -0.166412 14.2398  \
  0.84653 14.3038 -0.0558308 14.4015 0.181068 14.7362 0.707392 14.1445 -0.0558308 14.4015  \
  -0.166412 14.2398 -0.0558308 14.4015 0.307944 14.9094 0.181068 14.7362 0 0  \
  0.0599059 14.567 12.5205 14.3496 0.307944 14.9094 0.181068 14.7362 0.307944 14.9094  \
  -0.0558308 14.4015 0.181068 14.7362 -0.445961 15.1942 0.44084 15.0866 0.181068 14.7362  \
  0.0599059 14.567 -0.166412 14.2398 0.181068 14.7362 -0.992478 14.1733 0.307944 14.9094  \
  -0.548479 15.014 1.38442 16.2438 0.0599059 14.567 0.879005 15.6441 -0.106215 15.7611  \
  -0.225128 15.5675 -0.106215 15.7611 -0.338274 15.3786 -0.338274 15.3786 1.03945 15.8391  \
  -0.225128 15.5675 0.84653 14.3038 -0.827652 14.4982 0.0599059 14.567 1.1437 14.6332  \
  0.0599059 14.567 -0.0558308 14.4015 -0.0558308 14.4015 0.991861 14.4666 0.879005 15.6441  \
  0.84653 14.3038 -0.0558308 14.4015 0.84653 14.3038 0.0599059 14.567 -0.166412 14.2398  \
  -0.0558308 14.4015 0.707392 14.1445 0 0 -0.0558308 14.4015 0 0  \
  0.84653 14.3038 0.0599059 14.567 0.446512 13.8362 0 0 0.0599059 14.567  \
  -0.0558308 14.4015 0.181068 14.7362 0.0599059 14.567 0.0599059 14.567 0.0599059 14.567  \
  0.181068 14.7362 0.181068 14.7362 0.307944 14.9094 0.707392 14.1445 -0.272094 14.0816  \
  0.307944 14.9094 0.707392 14.1445 -0.166412 14.2398 -0.272094 14.0816 0.991861 14.4666  \
  0.84653 14.3038 0.307944 14.9094 0.181068 14.7362 0.181068 14.7362 -0.739078 14.6662  \
  0.44084 15.0866 0.181068 14.7362 0.307944 14.9094 0.181068 14.7362 0.0599059 14.567  \
  0.307944 14.9094 0.181068 14.7362 0.181068 14.7362 0.181068 14.7362 -0.166412 14.2398  \
  -0.166412 14.2398 0.0599059 14.567 1.1437 14.6332 0.0599059 14.567 -0.0558308 14.4015  \
  1.46829 14.9778 0 0 0.0599059 14.567 -0.166412 14.2398 -0.0558308 14.4015  \
  0.181068 14.7362 0.0599059 14.567 0.181068 14.7362 0.181068 14.7362 0.181068 14.7362  \
  0.0599059 14.567 0.181068 14.7362 0.44084 15.0866 -0.272094 14.0816 -0.166412 14.2398  \
  0.991861 14.4666 0.84653 14.3038 0.0599059 14.567 -0.0558308 14.4015 0.0599059 14.567  \
  -0.166412 14.2398 0.307944 14.9094 -0.739078 14.6662 0.181068 14.7362 -0.548479 15.014  \
  0.181068 14.7362 0.181068 14.7362 0.307944 14.9094 0.307944 14.9094 0.181068 14.7362  \
  0.181068 14.7362 1.46829 14.9778 0.181068 14.7362 -0.6461 14.8381 0.991861 14.4666  \
  0.0599059 14.567 -0.0558308 14.4015 0.0599059 14.567 -0.0558308 14.4015 0 0  \
  0.181068 14.7362 -0.0558308 14.4015 0.181068 14.7362 0 0 0.181068 14.7362  \
  0.181068 14.7362 1.1437 14.6332 0.0599059 14.567 1.30239 14.8035 0.307944 14.9094  \
  0.58008 15.268 0.307944 14.9094 -0.0558308 14.4015 -0.445961 15.1942 0.44084 15.0866  \
  0.84653 14.3038 0.181068 14.7362 0.44084 15.0866 0.307944 14.9094 0.44084 15.0866  \
  0.0599059 14.567 0.0599059 14.567 -0.0558308 14.4015 0.0599059 14.567 0.0599059 14.567  \
  0.181068 14.7362 -0.166412 14.2398 0.0599059 14.567 0 0 0.181068 14.7362  \
  0.0599059 14.567 0.0599059 14.567 -0.0558308 14.4015 -0.0558308 14.4015 0.991861 14.4666  \
  -0.0558308 14.4015 0.181068 14.7362 1.1437 14.6332 0.0599059 14.567 -0.0558308 14.4015  \
  0.84653 14.3038 0.181068 14.7362 0.0599059 14.567 0.0599059 14.567 0.181068 14.7362  \
  1.1437 14.6332 0.0599059 14.567 -0.6461 14.8381 -0.272094 14.0816 0.307944 14.9094  \
  0.991861 14.4666 -0.6461 14.8381 -0.0558308 14.4015 0.181068 14.7362 0.181068 14.7362  \
  0.307944 14.9094 -0.166412 14.2398 0.181068 14.7362 1.1437 14.6332 0 0  \
  0.307944 14.9094 0.84653 14.3038 0.0599059 14.567 0.991861 14.4666 -0.166412 14.2398  \
  -0.166412 14.2398 -0.0558308 14.4015 -0.0558308 14.4015 -0.0558308 14.4015 0.307944 14.9094  \
  0.181068 14.7362 0.307944 14.9094 -0.0558308 14.4015 -0.0558308 14.4015 0.307944 14.9094  \
  -0.548479 15.014 -0.0558308 14.4015 0.0599059 14.567 0.84653 14.3038 0 0  \
  0.707392 14.1445 -0.0558308 14.4015 0.181068 14.7362 -0.166412 14.2398 0 0  \
  0.726012 15.4538 -0.445961 15.1942 0.726012 15.4538 0.307944 14.9094 0.307944 14.9094  \
  0 0 0.307944 14.9094 0.58008 15.268 0.44084 15.0866 -0.739078 14.6662  \
  0.44084 15.0866 0.44084 15.0866 0.307944 14.9094 -0.739078 14.6662 -0.445961 15.1942  \
  0.181068 14.7362 0.181068 14.7362 0.181068 14.7362 0.0599059 14.567 1.30239 14.8035  \
  0.0599059 14.567 -0.827652 14.4982 -0.6461 14.8381 1.1437 14.6332 0.181068 14.7362  \
  0.58008 15.268 0.726012 15.4538 0.44084 15.0866 0.58008 15.268 -0.548479 15.014  \
  0.181068 14.7362 0.307944 14.9094 0.84653 14.3038 0.44084 15.0866 2.01317 15.5258  \
  0.991861 14.4666 0.726012 15.4538 -0.445961 15.1942 0.44084 15.0866 0.307944 14.9094  \
  0.307944 14.9094 0.879005 15.6441 0.307944 14.9094 0.181068 14.7362 0.44084 15.0866  \
  0.181068 14.7362 0.181068 14.7362 0.181068 14.7362 -0.548479 15.014 0.181068 14.7362  \
  0.181068 14.7362 0.307944 14.9094 0.181068 14.7362 0.44084 15.0866 0.44084 15.0866  \
  0.307944 14.9094 0.58008 15.268 -0.338274 15.3786 0.44084 15.0866 0.726012 15.4538  \
  0.58008 15.268 0.879005 15.6441 0.0187951 15.9595 0.726012 15.4538 -0.166412 14.2398  \
  0.181068 14.7362 -0.0558308 14.4015 0.0599059 14.567 0.0599059 14.567 0 0  \
  0.307944 14.9094 0.44084 15.0866 0.0599059 14.567 0.181068 14.7362 0.307944 14.9094  \
  0.181068 14.7362 0.0599059 14.567 0.181068 14.7362 0 0 0.181068 14.7362  \
  0.0599059 14.567 -0.0558308 14.4015 0.307944 14.9094 0.181068 14.7362 0.0599059 14.567  \
  1.1437 14.6332 0.0599059 14.567 0.181068 14.7362 -0.548479 15.014 0.307944 14.9094  \
  0.726012 15.4538 0.181068 14.7362 -0.6461 14.8381 0.181068 14.7362 -0.548479 15.014  \
  -0.338274 15.3786 0.307944 14.9094 0 0 0.307944 14.9094 0 0  \
  0.307944 14.9094 0.0599059 14.567 -0.338274 15.3786 0.181068 14.7362 0.44084 15.0866  \
  0.307944 14.9094 0.307944 14.9094 0.307944 14.9094 0.44084 15.0866 0.44084 15.0866  \
  0.307944 14.9094 0.307944 14.9094 0.307944 14.9094 0.879005 15.6441 0.44084 15.0866  \
  0.307944 14.9094 0.307944 14.9094 0.44084 15.0866 -0.548479 15.014 0.307944 14.9094  \
  0.58008 15.268 0.307944 14.9094 0.181068 14.7362 0.58008 15.268 -0.445961 15.1942  \
  0.44084 15.0866 0.307944 14.9094 -0.548479 15.014 0.181068 14.7362 0.44084 15.0866  \
  0.44084 15.0866 0.181068 14.7362 -0.338274 15.3786 -0.166412 14.2398 0.991861 14.4666  \
  0.726012 15.4538 0.181068 14.7362 0.307944 14.9094 -0.225128 15.5675 0.0599059 14.567  \
  0.58008 15.268 0.44084 15.0866 0.307944 14.9094 0.307944 14.9094 0.0599059 14.567  \
  0 0 0 0 0.0599059 14.567 -0.0558308 14.4015 0.0599059 14.567  \
  0.44084 15.0866 0.44084 15.0866 -0.0558308 14.4015 0.181068 14.7362 0.58008 15.268  \
  0.307944 14.9094 0.307944 14.9094 -0.373116 13.9268 0.181068 14.7362 -0.548479 15.014  \
  0.84653 14.3038 0.84653 14.3038 0.181068 14.7362 1.1437 14.6332 0.991861 14.4666  \
  0.0599059 14.567 0.181068 14.7362 0.181068 14.7362 0.181068 14.7362 0.181068 14.7362  \
  -0.445961 15.1942 0.307944 14.9094 0.44084 15.0866 0.307944 14.9094 0.44084 15.0866  \
  0.181068 14.7362 0.181068 14.7362 -0.338274 15.3786 -0.225128 15.5675 0.181068 14.7362  \
  -0.548479 15.014 0.44084 15.0866 0.181068 14.7362 0.58008 15.268 -1.26021 15.1174  \
  0.58008 15.268 0.726012 15.4538 0.307944 14.9094 0.58008 15.268 0.44084 15.0866  \
  -0.338274 15.3786 0.58008 15.268 -0.166412 14.2398 0.0599059 14.567 0.0599059 14.567  \
  -0.0558308 14.4015 0.181068 14.7362 0.0599059 14.567 0.181068 14.7362 0.181068 14.7362  \
  0.0599059 14.567 0.181068 14.7362 0.58008 15.268 0 0 0.181068 14.7362  \
  0.307944 14.9094 0.0599059 14.567 0.0599059 14.567 0.44084 15.0866 0.307944 14.9094  \
  0.181068 14.7362 0.58008 15.268 -0.0558308 14.4015 0.0599059 14.567 0 0  \
  -0.548479 15.014 -0.0558308 14.4015 -0.6461 14.8381 -0.0558308 14.4015 0.181068 14.7362  \
  -0.166412 14.2398 -0.0558308 14.4015 -0.272094 14.0816 0.181068 14.7362 -0.0558308 14.4015  \
  0.44084 15.0866 0.307944 14.9094 0.181068 14.7362 0.44084 15.0866 -0.739078 14.6662  \
  0.44084 15.0866 0.0599059 14.567 -0.6461 14.8381 0.44084 15.0866 0.181068 14.7362  \
  0.58008 15.268 0.307944 14.9094 0.181068 14.7362 -0.166412 14.2398 1.46829 14.9778  \
  0.0599059 14.567 0.58008 15.268 0.307944 14.9094 0.307944 14.9094 0.44084 15.0866  \
  0.181068 14.7362 0.0599059 14.567 -0.548479 15.014 0.307944 14.9094 -0.445961 15.1942  \
  -0.338274 15.3786 0.307944 14.9094 0.44084 15.0866 0.44084 15.0866 0.181068 14.7362  \
  0.58008 15.268 0.574147 13.9887 0.707392 14.1445 0.181068 14.7362 -0.0558308 14.4015  \
  0 0 0.181068 14.7362 0.181068 14.7362 0.991861 14.4666 0.991861 14.4666  \
  -0.739078 14.6662 -0.338274 15.3786 -0.338274 15.3786 0.307944 14.9094 0.0599059 14.567  \
  0.181068 14.7362 0.307944 14.9094 0 0 0.307944 14.9094 1.1437 14.6332  \
  0.307944 14.9094 0.181068 14.7362 -0.0558308 14.4015 0.181068 14.7362 0.0599059 14.567  \
  0.181068 14.7362 -0.0558308 14.4015 0.0599059 14.567 -0.6461 14.8381 -0.548479 15.014  \
  0.991861 14.4666 0.181068 14.7362 0.181068 14.7362 -0.0558308 14.4015 0.181068 14.7362  \
  0.84653 14.3038 0.181068 14.7362 0.0599059 14.567 0.84653 14.3038 0.991861 14.4666  \
  -0.0558308 14.4015 0.307944 14.9094 1.1437 14.6332 0.181068 14.7362 0.307944 14.9094  \
  0.307944 14.9094 -0.338274 15.3786 0.44084 15.0866 0.181068 14.7362 0.58008 15.268  \
  -2.52274 16.3199 -0.225128 15.5675 -0.6461 14.8381 0.307944 14.9094 1.1437 14.6332  \
  0.307944 14.9094 0.181068 14.7362 0.307944 14.9094 0.307944 14.9094 0.44084 15.0866  \
  0.44084 15.0866 0.181068 14.7362 -0.548479 15.014 -0.548479 15.014 -0.445961 15.1942  \
  0.307944 14.9094 0.991861 14.4666 0.181068 14.7362 -0.6461 14.8381 36.75 17.6293  \
  0.0599059 14.567 0.0599059 14.567 -0.6461 14.8381 0.181068 14.7362 -0.0558308 14.4015  \
  -0.0558308 14.4015 0.0599059 14.567 1.1437 14.6332 -0.0558308 14.4015 0.181068 14.7362  \
  12.9563 11.4736 0.307944 14.9094 1.46829 14.9778 -0.548479 15.014 0.181068 14.7362  \
  -0.6461 14.8381 0.181068 14.7362 0.307944 14.9094 0.307944 14.9094 -0.0558308 14.4015  \
  0.0599059 14.567 0.181068 14.7362 0.0599059 14.567 -0.166412 14.2398 -0.0558308 14.4015  \
  -0.166412 14.2398 0.181068 14.7362 0.0599059 14.567 0.991861 14.4666 0.44084 15.0866  \
  0.0599059 14.567 0.181068 14.7362 0.991861 14.4666 17.4793 13.7054 0.991861 14.4666  \
  1.1437 14.6332 0.991861 14.4666 1.1437 14.6332 1.1437 14.6332 0.181068 14.7362  \
  0.44084 15.0866 -0.166412 14.2398 0.181068 14.7362 0.0599059 14.567 0.0599059 14.567  \
  -0.0558308 14.4015 0.0599059 14.567 0.0599059 14.567 -0.6461 14.8381 0.181068 14.7362  \
  0.307944 14.9094 0.991861 14.4666 0.991861 14.4666 0.0599059 14.567 0.181068 14.7362  \
  0.307944 14.9094 0.307944 14.9094 0.991861 14.4666 0.181068 14.7362 0 0  \
  0 0 0 0 0 0 0 0 0 0  \
  0 0 0 0 0 0 0 0 0 0  \
  0 0 0 0 0 0 0 0 0 0  \
  0.574147 13.9887 0.446512 13.8362 -0.116352 13.1207 -2.44645 15.6089 -0.116352 13.1207  \
  0.094672 13.3979 -0.373116 13.9268 -0.0558308 14.4015 0.991861 14.4666 -0.166412 14.2398  \
  -0.166412 14.2398 0 0 0.0599059 14.567 -0.0558308 14.4015 0.991861 14.4666  \
  0.84653 14.3038 0.324221 13.687 -0.373116 13.9268 0.324221 13.687 0.324221 13.687  \
  25.0376 11.6855 0.446512 13.8362 -0.469705 13.7753 0.20702 13.541 0.20702 13.541  \
  0.446512 13.8362 0.446512 13.8362 -0.469705 13.7753 0.446512 13.8362 0.707392 14.1445  \
  -0.272094 14.0816 -0.373116 13.9268 0 0 0 0 0 0  \
  0 0 0 0 0 0 0 0 0 0  \
  0 0 0 0 0 0 0 0 0 0  \
  0 0 0 0 0 0 0 0 0 0  \
  0 0 0 0 0 0 0 0 0 0  \
  0 0 0 0 0 0 0 0 0 0  \
  0 0 0 0 0 0 0 0 0 0  \
  0 0 0 0 0 0 0 0 0 0  \
  0 0 0 0 -0.6461 14.8381 0.181068 14.7362 -0.548479 15.014  \
  -0.445961 15.1942 -0.548479 15.014 0.307944 14.9094 0.181068 14.7362 0.44084 15.0866  \
  0.44084 15.0866 -1.1852 15.3003 -0.827652 14.4982 0.44084 15.0866 1.1437 14.6332  \
  2.42834 14.6966 3.45029 14.424 1.1437 14.6332 0 0 0 0  \
  0 0 0 0 0 0 0 0 0 0  \
  0 0 0 0 0 0 0 0 0 0  \
  0 0 0 0 0 0 0 0 0 0  \
  0 0 0 0 0 0 0 0 0 0  \
  0 0 0 0 0 0 0 0 0 0  \
  0 0 0 0 0 0 0 0 0 0  \
  0 0 0 0 0 0 0 0 0 0  \
  0 0 0 0 0 0 -0.272094 14.0816 -0.272094 14.0816  \
  -0.373116 13.9268 -0.373116 13.9268 0.324221 13.687 0.20702 13.541 0.446512 13.8362  \
  0.574147 13.9887 0.0599059 14.567 0.0599059 14.567 0.0599059 14.567 0.0599059 14.567  \
  0.0599059 14.567 0.0599059 14.567 0.991861 14.4666 0.0599059 14.567 0.324221 13.687  \
  0.574147 13.9887 0.574147 13.9887 -0.373116 13.9268 0.707392 14.1445 -0.166412 14.2398  \
  -0.272094 14.0816 0.446512 13.8362 0.446512 13.8362 0.324221 13.687 43.25 14.9046  \
  0.324221 13.687 -0.373116 13.9268 0.446512 13.8362 -0.166412 14.2398 43.25 14.9046  \
  0 0 0 0 0 0 0 0 0 0  \
  0 0 0 0 0 0 0 0 0 0  \
  0 0 0 0 0 0 0 0 0 0  \
  0 0 0 0 0 0 0 0 0 0  \
  0 0 0 0 0 0 0 0 0 0  \
  0 0 0 0 0 0 0 0 0 0  \
  0 0 0 0 0 0 0 0 0 0  \
  0 0 0 0 0 0 0 0 0 0  \
  0 0 0.44084 15.0866 0.44084 15.0866 29.8017 14.3827 -0.6461 14.8381  \
  36.75 17.6293 0.0599059 14.567 0.44084 15.0866 0.44084 15.0866 0.307944 14.9094  \
  1.82326 15.3388 -0.0558308 14.4015 0.0599059 14.567 1.1437 14.6332 3.91826 14.7571  \
  1.30239 14.8035 0 0 0 0 0 0 0 0  \
  0 0 0 0 0 0 0 0 0 0  \
  0 0 0 0 0 0 0 0 0 0  \
  0 0 0 0 0 0 0 0 0 0  \
  0 0 0 0 0 0 0 0 0 0  \
  0 0 0 0 0 0 0 0 0 0  \
  0 0 0 0 0 0 0 0 0 0  \
  0 0 0 0 0 0 0 0 0 0  \
  0 0 0.324221 13.687 0.446512 13.8362 0.707392 14.1445 0.707392 14.1445  \
  0.707392 14.1445 0.707392 14.1445 -0.469705 13.7753 0.20702 13.541 0.181068 14.7362  \
  38.705 12.7106 -0.166412 14.2398 0.446512 13.8362 0.307944 14.9094 -0.548479 15.014  \
  0.288537 16.3715 0.181068 14.7362 0.248308 11.651 0.150254 11.5449 0.0556807 11.4408  \
  0.150254 11.5449 0.455449 11.8689 -0.505719 11.6075 -0.505719 11.6075 18.9763 13.4548  \
  -0.373116 13.9268 -0.272094 14.0816 0.574147 13.9887 0.324221 13.687 -0.272094 14.0816  \
  -0.469705 13.7753 -0.469705 13.7753 -0.469705 13.7753 0 0 0 0  \
  0 0 0 0 0 0 0 0 0 0  \
  0 0 0 0 0 0 0 0 0 0  \
  0 0 0 0 0 0 0 0 0 0  \
  0 0 0 0 0 0 0 0 0 0  \
  0 0 0 0 0 0 0 0 0 0  \
  0 0 0 0 0 0 0 0 0 0  \
  0 0 0 0 0 0 0 0 0 0  \
  0 0 0 0 0 0 -0.6461 14.8381 0.181068 14.7362  \
  0.0599059 14.567 -1.39887 14.7641 -0.6461 14.8381 0.307944 14.9094 39.75 16.261  \
  -0.6461 14.8381 -0.548479 15.014 -1.26021 15.1174 0.307944 14.9094 -0.338274 15.3786  \
  0.726012 15.4538 -0.548479 15.014 0.991861 14.4666 -1.1852 15.3003 0 0  \
  0 0 0 0 0 0 0 0 0 0  \
  0 0 0 0 0 0 0 0 0 0  \
  0 0 0 0 0 0 0 0 0 0  \
  0 0 0 0 0 0 0 0 0 0  \
  0 0 0 0 0 0 0 0 0 0  \
  0 0 39.25 16.4745 0.307944 14.9094 0.44084 15.0866 -0.272094 14.0816  \
  -0.166412 14.2398 0.574147 13.9887 0 0 0 0 0 0  \
  0 0 0 0 0 0 38.25 16.9183 0.307944 14.9094  \
  -0.548479 15.014 0 0 0 0 0 0 0 0  \
  0 0 0 0 0 0 0 0 0 0  \
  -0.548479 15.014 -0.445961 15.1942 0.726012 15.4538 -0.166412 14.2398 -0.272094 14.0816  \
  -0.272094 14.0816 0 0 0 0 0 0 0 0  \
  0 0 0 0 -0.445961 15.1942 -0.445961 15.1942 -0.445961 15.1942  \
  0 0 0 0 0 0 0 0 0 0  \
  0 0 0 0 0 0 0 0 -0.0558308 14.4015  \
  -0.272094 14.0816 -0.0558308 14.4015 -0.256145 11.9356 -0.166412 12.049 -0.342515 11.8242  \
  0 0 0 0 0 0 0 0 0 0  \
  0 0 0 0 0 0 0 0 -0.934779 15.8766  \
  -1.10612 15.4878 -0.548479 15.014 0 0 0 0 0 0  \
  0 0 0 0 0 0 -0.0558308 14.4015 0.84653 14.3038  \
  -0.0558308 14.4015 0.349989 11.7589 -0.342515 11.8242 0.564848 11.9809 0 0  \
  0 0 0 0 0 0 0 0 0 0  \
  0 0 0 0 0 0 0.726012 15.4538 -0.338274 15.3786  \
  0.307944 14.9094 0 0 0 0 0 0 
califaCrystalNumberPar:  Int_t  4864 
califaCrystalParamsFitPar:  Int_t  2 
