##############################################################################
# Class:   califaCrystalCalPar
# Context: CalifaCalParContext
##############################################################################
[califaCrystalCalPar]
//----------------------------------------------------------------------------
califaCrystalCalPar:  Float_t \
  0 0 0 0 0 0 0 0 0 0  \
  0 0 0 0 0 0 0 0 0 0  \
  0 0 0 0 0 0 0 0 0 0  \
  0 0 0 0 0 0 0 0 0 0  \
  0 0 0 0 0 0 0 0 0 0  \
  0 0 0 0 0 0 0 0 0 0  \
  0 0 0 0 0 0 0 0 0 0  \
  0 0 0 0 0 0 0 0 0 0  \
  0 0 0 0 0 0 0 0 0 0  \
  0 0 0 0 0 0 0 0 0 0  \
  0 0 0 0 0 0 0 0 0 0  \
  0 0 0 0 0 0 0 0 0 0  \
  0 0 0 0 0 0 0 0 0 0  \
  0 0 0 0 0 0 0 0 0 0  \
  0 0 0 0 0 0 0 0 0 0  \
  0 0 0 0 0 0 0 0 0 0  \
  0 0 0 0 0 0 0 0 0 0  \
  0 0 0 0 0 0 0 0 0 0  \
  0 0 0 0 0 0 0 0 0 0  \
  0 0 0 0 0 0 0 0 0 0  \
  0 0 0 0 0 0 0 0 0 0  \
  0 0 0 0 0 0 0 0 0 0  \
  0 0 0 0 0 0 0 0 0 0  \
  0 0 0 0 0 0 0 0 0 0  \
  0 0 0 0 0 0 0 0 0 0  \
  0 0 0 0 0 0 0 0 0 0  \
  0 0 0 0 0 0 0 0 0 0  \
  0 0 0 0 0 0 0 0 0 0  \
  0 0 0 0 0 0 0 0 0 0  \
  0 0 0 0 0 0 0 0 0 0  \
  0 0 0 0 0 0 0 0 0 0  \
  0 0 0 0 0 0 0 0 0 0  \
  0 0 0 0 0 0 0 0 0 0  \
  0 0 0 0 0 0 0 0 0 0  \
  0 0 0 0 0 0 0 0 0 0  \
  0 0 0 0 0 0 0 0 0 0  \
  0 0 0 0 0 0 0 0 0 0  \
  0 0 0 0 0 0 0 0 0 0  \
  0 0 0 0 0 0 0 0 0 0  \
  0 0 0 0 0 0 0 0 0 0  \
  0 0 0 0 0 0 0 0 0 0  \
  0 0 0 0 0 0 0 0 0 0  \
  0 0 0 0 0 0 0 0 0 0  \
  0 0 0 0 0 0 0 0 0 0  \
  0 0 0 0 0 0 0 0 0 0  \
  0 0 0 0 0 0 0 0 0 0  \
  0 0 0 0 0 0 0 0 0 0  \
  0 0 0 0 0 0 0 0 0 0  \
  0 0 0 0 0 0 0 0 0 0  \
  0 0 0 0 0 0 0 0 0 0  \
  0 0 0 0 0 0 0 0 0 0  \
  0 0 0 0 0 0 0 0 0 0  \
  0 0 0 0 0 0 0 0 0 0  \
  0 0 0 0 0 0 0 0 0 0  \
  0 0 0 0 0 0 0 0 0 0  \
  0 0 0 0 0 0 0 0 0 0  \
  0 0 0 0 0 0 0 0 0 0  \
  0 0 0 0 0 0 0 0 0 0  \
  0 0 0 0 0 0 0 0 0 0  \
  0 0 0 0 0 0 0 0 0 0  \
  0 0 0 0 0 0 0 0 0 0  \
  0 0 0 0 0 0 0 0 0 0  \
  0 0 0 0 0 0 0 0 0 0  \
  0 0 0 0 0 0 0 0 0 0  \
  0 0 0 0 0 0 0 0 0 0  \
  0 0 0 0 0 0 0 0 0 0  \
  0 0 0 0 0 0 0 0 0 0  \
  0 0 0 0 0 0 0 0 0 0  \
  0 0 0 0 0 0 0 0 0 0  \
  0 0 0 0 0 0 0 0 0 0  \
  0 0 0 0 0 0 0 0 0 0  \
  0 0 0 0 0 0 0 0 0 0  \
  0 0 0 0 0 0 0 0 0 0  \
  0 0 0 0 0 0 0 0 0 0  \
  0 0 0 0 0 0 0 0 0 0  \
  0 0 0 0 0 0 0 0 0 0  \
  0 0 0 0 0 0 0 0 0 0  \
  0 0 0 0 0 0 0 0 0 0  \
  0 0 0 0 0 0 0 0 0 0  \
  0 0 0 0 0 0 0 0 0 0  \
  0 0 0 0 0 0 0 0 0 0  \
  0 0 0 0 0 0 0 0 0 0  \
  0 0 0 0 0 0 0 0 0 0  \
  0 0 0 0 0 0 0 0 0 0  \
  0 0 0 0 0 0 0 0 0 0  \
  0 0 0 0 0 0 0 0 0 0  \
  0 0 0 0 0 0 0 0 0 0  \
  0 0 0 0 0 0 0 0 0 0  \
  0 0 0 0 0 0 0 0 0 0  \
  0 0 0 0 0 0 0 0 0 0  \
  0 0 0 0 0 0 0 0 0 0  \
  0 0 0 0 0 0 0 0 0 0  \
  0 0 0 0 0 0 0 0 0 0  \
  0 0 0 0 0 0 0 0 0 0  \
  0 0 0 0 0 0 0 0 0 0  \
  0 0 0 0 0 0 0 0 0 0  \
  0 0 0 0 0 0 0 0 0 0  \
  0 0 0 0 0 0 0 0 0 0  \
  0 0 0 0 0 0 0 0 0 0  \
  0 0 0 0 0 0 0 0 0 0  \
  0 0 0 0 0 0 0 0 0 0  \
  0 0 0 0 0 0 0 0 0 0  \
  0 0 0 0 0 0 0 0 0 0  \
  0 0 0 0 0 0 0 0 0 0  \
  0 0 0 0 0 0 0 0 0 0  \
  0 0 0 0 0 0 0 0 0 0  \
  0 0 0 0 0 0 0 0 0 0  \
  0 0 0 0 0 0 0 0 0 0  \
  0 0 0 0 0 0 0 0 0 0  \
  0 0 0 0 0 0 0 0 0 0  \
  0 0 0 0 0 0 0 0 0 0  \
  0 0 0 0 0 0 0 0 0 0  \
  0 0 0 0 0 0 0 0 0 0  \
  0 0 0 0 0 0 0 0 0 0  \
  0 0 0 0 0 0 0 0 0 0  \
  0 0 0 0 0 0 0 0 0 0  \
  0 0 0 0 0 0 0 0 0 0  \
  0 0 0 0 0 0 0 0 0 0  \
  0 0 0 0 0 0 0 0 0 0  \
  0 0 0 0 0 0 0 0 0 0  \
  0 0 0 0 0 0 0 0 0 0  \
  0 0 0 0 0 0 0 0 0 0  \
  0 0 0 0 0 0 0 0 0 0  \
  0 0 0 0 0 0 0 0 0 0  \
  0 0 0 0 0 0 0 0 0 0  \
  0 0 0 0 0 0 0 0 0 0  \
  0 0 0 0 0 0 0 0 0 0  \
  0 0 0 0 0 0 0 0 0 0  \
  0 0 0 0 0 0 0 0 0 0  \
  0 0 0 0 0 0 0 0 0 0  \
  0 0 0 0 0 0 0 0 0 0  \
  0 0 0 0 0 0 0 0 0 0  \
  0 0 0 0 0 0 0 0 0 0  \
  0 0 0 0 0 0 0 0 0 0  \
  0 0 0 0 0 0 0 0 0 0  \
  0 0 0 0 0 0 0 0 0 0  \
  0 0 0 0 0 0 0 0 0 0  \
  0 0 0 0 0 0 0 0 0 0  \
  0 0 0 0 0 0 0 0 0 0  \
  0 0 0 0 0 0 0 0 0 0  \
  0 0 0 0 0 0 0 0 0 0  \
  0 0 0 0 0 0 0 0 0 0  \
  0 0 0 0 0 0 0 0 0 0  \
  0 0 0 0 0 0 0 0 0 0  \
  0 0 0 0 0 0 0 0 0 0  \
  0 0 0 0 0 0 0 0 0 0  \
  0 0 0 0 0 0 0 0 0 0  \
  0 0 0 0 0 0 0 0 0 0  \
  0 0 0 0 0 0 0 0 0 0  \
  0 0 0 0 0 0 0 0 0 0  \
  0 0 0 0 0 0 0 0 0 0  \
  0 0 0 0 0 0 0 0 0 0  \
  0 0 0 0 0 0 0 0 0 0  \
  0 0 0 0 0 0 0 0 0 0  \
  0 0 0 0 0 0 0 0 0 0  \
  0 0 0 0 0 0 0 0 0 0  \
  0 0 0 0 0 0 0 0 0 0  \
  0 0 0 0 0 0 0 0 0 0  \
  0 0 0 0 0 0 0 0 0 0  \
  0 0 0 0 0 0 0 0 0 0  \
  0 0 0 0 0 0 0 0 0 0  \
  0 0 0 0 0 0 0 0 0 0  \
  0 0 0 0 0 0 0 0 0 0  \
  0 0 0 0 0 0 0 0 0 0  \
  0 0 0 0 0 0 0 0 0 0  \
  0 0 0 0 0 0 0 0 0 0  \
  0 0 0 0 0 0 0 0 0 0  \
  0 0 0 0 0 0 0 0 0 0  \
  0 0 0 0 0 0 0 0 0 0  \
  0 0 0 0 0 0 0 0 0 0  \
  0 0 0 0 0 0 0 0 0 0  \
  0 0 0 0 0 0 0 0 0 0  \
  0 0 0 0 0 0 0 0 0 0  \
  0 0 0 0 0 0 0 0 0 0  \
  0 0 0 0 0 0 0 0 0 0  \
  0 0 0 0 0 0 0 0 0 0  \
  0 0 0 0 0 0 0 0 0 0  \
  0 0 0 0 0 0 0 0 0 0  \
  0 0 0 0 0 0 0 0 0 0  \
  0 0 0 0 0 0 0 0 0 0  \
  0 0 0 0 0 0 0 0 0 0  \
  0 0 0 0 0 0 0 0 0 0  \
  0 0 0 0 0 0 0 0 0 0  \
  0 0 0 0 0 0 0 0 0 0  \
  0 0 0 0 0 0 0 0 0 0  \
  0 0 0 0 0 0 20.3184 1.00068 19.1761 0.992708  \
  19.3892 0.999935 40.7695 0.936641 20.2055 0.997054 20.2055 0.997054 19.983 0.989874  \
  19.3892 0.999935 19.1761 0.992708 19.1761 0.992708 19.983 0.989874 19.1761 0.992708  \
  20.0937 0.993451 19.2821 0.996309 20.4609 0.976525 20.0937 0.993451 0 0  \
  0 0 0 0 0 0 0 0 0 0  \
  0 0 0 0 0 0 0 0 0 0  \
  0 0 0 0 0 0 0 0 0 0  \
  0 0 0 0 0 0 0 0 0 0  \
  0 0 0 0 0 0 0 0 0 0  \
  0 0 0 0 0 0 0 0 0 0  \
  0 0 19.8733 0.986323 19.5507 0.975817 19.983 0.989874 19.983 0.989874  \
  19.2821 0.996309 19.983 0.989874 20.0937 0.993451 19.983 0.989874 22.099 0.970981  \
  20.4609 0.976525 19.983 0.989874 22.3432 0.977875 19.0711 0.989134 19.983 0.989874  \
  19.983 0.989874 20.6863 0.983509 20.2501 1.06089 19.043 1.05193 20.0129 1.05277  \
  20.0129 1.05277 20.2501 1.06089 20.1309 1.05682 20.1309 1.05682 20.8833 1.04956  \
  19.983 0.989874 19.983 0.989874 21.6287 0.984199 19.983 0.989874 19.8733 0.986323  \
  19.1761 0.992708 19.0711 0.989134 19.1761 0.992708 0 0 0 0  \
  0 0 0 0 0 0 0 0 0 0  \
  0 0 0 0 0 0 0 0 0 0  \
  0 0 0 0 0 0 0 0 0 0  \
  0 0 0 0 0 0 0 0 0 0  \
  0 0 0 0 0 0 0 0 0 0  \
  0 0 0 0 0 0 0 0 0 0  \
  19.1761 0.992708 19.0711 0.989134 19.983 0.989874 20.4609 0.976525 20.2055 0.997054  \
  19.983 0.989874 19.8733 0.986323 19.983 0.989874 19.3892 0.999935 19.983 0.989874  \
  19.8733 0.986323 20.8006 0.987038 19.4973 1.00359 21.1504 0.997776 19.983 0.989874  \
  20.9161 0.990592 19.983 0.989874 19.3892 0.999935 19.2821 0.996309 19.4973 1.00359  \
  20.3184 1.00068 19.983 0.989874 19.3892 0.999935 20.0937 0.993451 19.1761 0.992708  \
  20.0937 0.993451 19.2821 0.996309 20.2055 0.997054 19.8733 0.986323 20.0937 0.993451  \
  20.0937 0.993451 19.1761 0.992708 0 0 0 0 0 0  \
  0 0 0 0 0 0 0 0 0 0  \
  0 0 0 0 0 0 0 0 0 0  \
  0 0 0 0 0 0 0 0 0 0  \
  0 0 0 0 0 0 0 0 0 0  \
  0 0 0 0 0 0 0 0 0 0  \
  0 0 0 0 0 0 0 0 19.0711 0.989134  \
  19.983 0.989874 19.2821 0.996309 19.983 0.989874 19.983 0.989874 19.3892 0.999935  \
  18.7342 0.948852 20.8006 0.987038 19.8733 0.986323 19.7648 0.982796 20.0937 0.993451  \
  20.573 0.980005 19.8733 0.986323 19.3892 0.999935 20.6863 0.983509 21.3917 0.977211  \
  20.0129 1.05277 20.0129 1.05277 20.2501 1.06089 46.205 0.910417 19.2672 1.06005  \
  19.8961 1.04875 20.0129 1.05277 19.5529 1.03688 19.0711 0.989134 20.6863 0.983509  \
  20.6863 0.983509 19.8733 0.986323 19.8733 0.986323 19.0711 0.989134 19.983 0.989874  \
  20.3498 0.97307 0 0 0 0 0 0 0 0  \
  0 0 0 0 0 0 0 0 0 0  \
  0 0 0 0 0 0 0 0 0 0  \
  0 0 0 0 0 0 0 0 0 0  \
  0 0 0 0 0 0 0 0 0 0  \
  0 0 0 0 0 0 0 0 0 0  \
  0 0 0 0 0 0 19.2821 0.996309 19.2821 0.996309  \
  20.2055 0.997054 19.2821 0.996309 19.4973 1.00359 20.6863 0.983509 19.1761 0.992708  \
  19.983 0.989874 18.6873 1.00649 20.5477 1.00802 20.2055 0.997054 20.664 1.01173  \
  20.0937 0.993451 20.664 1.01173 20.7815 1.01546 21.1504 0.997776 19.8733 0.986323  \
  20.4609 0.976525 48.3474 1.15893 21.2749 0.973754 19.8733 0.986323 19.916 0.959486  \
  0 0 91.2055 0.976349 19.4973 1.00359 19.3892 0.999935 19.3892 0.999935  \
  19.1761 0.992708 19.3892 0.999935 19.2821 0.996309 19.3892 0.999935 19.3892 0.999935  \
  0 0 0 0 0 0 0 0 0 0  \
  0 0 0 0 0 0 0 0 0 0  \
  0 0 0 0 0 0 0 0 0 0  \
  0 0 0 0 0 0 0 0 0 0  \
  0 0 0 0 0 0 0 0 0 0  \
  0 0 0 0 0 0 0 0 0 0  \
  0 0 0 0 19.3892 0.999935 19.3892 0.999935 19.8733 0.986323  \
  20.3184 1.00068 19.1761 0.992708 19.3892 0.999935 19.3892 0.999935 19.983 0.989874  \
  19.0711 0.989134 19.8733 0.986323 20.3498 0.97307 20.6863 0.983509 20.573 0.980005  \
  20.0937 0.993451 20.0937 0.993451 19.0711 0.989134 20.2501 1.06089 20.0129 1.05277  \
  19.2672 1.06005 19.4962 1.06829 20.0129 1.05277 19.4962 1.06829 19.4962 1.06829  \
  0 0 19.983 0.989874 18.9671 0.985585 19.1761 0.992708 19.1761 0.992708  \
  19.1761 0.992708 19.1761 0.992708 0 0 19.8733 0.986323 0 0  \
  0 0 0 0 0 0 0 0 0 0  \
  0 0 0 0 0 0 0 0 0 0  \
  0 0 0 0 0 0 0 0 0 0  \
  0 0 0 0 0 0 0 0 0 0  \
  0 0 0 0 0 0 0 0 0 0  \
  0 0 0 0 0 0 0 0 0 0  \
  0 0 19.2821 0.996309 20.0937 0.993451 19.7648 0.982796 0 0  \
  19.0711 0.989134 19.1761 0.992708 19.983 0.989874 19.2821 0.996309 20.3498 0.97307  \
  20.2055 0.997054 21.5096 0.980693 19.1761 0.992708 20.0937 0.993451 20.0937 0.993451  \
  19.3299 1.02911 19.3892 0.999935 20.573 0.980005 19.8733 0.986323 19.3408 0.968935  \
  20.9161 0.990592 20.6863 0.983509 19.6572 0.979294 20.573 0.980005 19.983 0.989874  \
  19.2821 0.996309 19.2821 0.996309 19.2821 0.996309 19.2821 0.996309 19.6065 1.00727  \
  19.2821 0.996309 19.1761 0.992708 19.2821 0.996309 0 0 0 0  \
  0 0 0 0 0 0 0 0 0 0  \
  0 0 0 0 0 0 0 0 0 0  \
  0 0 0 0 0 0 0 0 0 0  \
  0 0 0 0 0 0 0 0 0 0  \
  0 0 0 0 0 0 0 0 0 0  \
  0 0 0 0 0 0 0 0 0 0  \
  19.4973 1.00359 19.2821 0.996309 19.983 0.989874 20.573 0.980005 19.7648 0.982796  \
  19.1761 0.992708 19.2821 0.996309 19.3892 0.999935 19.6572 0.979294 18.9671 0.985585  \
  19.7648 0.982796 20.3498 0.97307 19.8733 0.986323 20.0937 0.993451 19.7648 0.982796  \
  19.0711 0.989134 19.2672 1.06005 19.4962 1.06829 20.3706 1.065 20.4923 1.06914  \
  19.1545 1.05597 19.2672 1.06005 19.2672 1.06005 19.2672 1.06005 19.983 0.989874  \
  19.1761 0.992708 19.983 0.989874 20.0937 0.993451 19.7648 0.982796 19.983 0.989874  \
  19.8733 0.986323 19.983 0.989874 0 0 0 0 0 0  \
  0 0 0 0 0 0 0 0 0 0  \
  0 0 0 0 0 0 0 0 0 0  \
  0 0 0 0 0 0 0 0 0 0  \
  0 0 0 0 0 0 0 0 0 0  \
  0 0 0 0 0 0 0 0 0 0  \
  0 0 0 0 0 0 0 0 19.2821 0.996309  \
  19.3892 0.999935 19.0711 0.989134 20.2055 0.997054 19.1761 0.992708 19.3892 0.999935  \
  19.2821 0.996309 19.2821 0.996309 19.8733 0.986323 19.4973 1.00359 20.2055 0.997054  \
  19.7168 1.01097 19.3892 0.999935 19.1761 0.992708 19.983 0.989874 20.3184 1.00068  \
  20.0937 0.993451 19.2821 0.996309 19.983 0.989874 21.993 0.994867 0 0  \
  19.1761 0.992708 19.7648 0.982796 19.1761 0.992708 19.1761 0.992708 18.5838 1.00281  \
  19.2821 0.996309 19.8733 0.986323 20.0937 0.993451 19.3892 0.999935 20.0937 0.993451  \
  19.3892 0.999935 0 0 0 0 0 0 0 0  \
  0 0 0 0 0 0 0 0 0 0  \
  0 0 0 0 0 0 0 0 0 0  \
  0 0 0 0 0 0 0 0 0 0  \
  0 0 0 0 0 0 0 0 0 0  \
  0 0 0 0 0 0 0 0 0 0  \
  0 0 0 0 0 0 19.2373 0.965529 18.9671 0.985585  \
  19.8733 0.986323 19.0711 0.989134 19.8733 0.986323 19.2821 0.996309 20.0937 0.993451  \
  20.3498 0.97307 18.4814 0.999163 19.8283 1.0147 20.573 0.980005 19.983 0.989874  \
  19.983 0.989874 19.0711 0.989134 19.1761 0.992708 20.8006 0.987038 19.8733 0.986323  \
  19.8733 0.986323 20.0937 0.993451 20.0937 0.993451 19.1761 0.992708 19.1761 0.992708  \
  19.0711 0.989134 0 0 19.1761 0.992708 19.1761 0.992708 19.8733 0.986323  \
  20.0937 0.993451 19.1761 0.992708 19.2821 0.996309 19.2821 0.996309 20.0937 0.993451  \
  0 0 0 0 0 0 0 0 0 0  \
  0 0 0 0 0 0 0 0 0 0  \
  0 0 0 0 0 0 0 0 0 0  \
  0 0 0 0 0 0 0 0 0 0  \
  0 0 0 0 0 0 0 0 0 0  \
  0 0 0 0 0 0 0 0 0 0  \
  0 0 0 0 19.983 0.989874 18.38 0.99554 19.1761 0.992708  \
  19.1761 0.992708 19.1761 0.992708 19.2821 0.996309 19.1761 0.992708 19.983 0.989874  \
  19.8733 0.986323 19.8733 0.986323 0 0 19.0711 0.989134 19.8733 0.986323  \
  19.983 0.989874 19.983 0.989874 0 0 21.1504 0.997776 19.2821 0.996309  \
  19.3892 0.999935 19.8733 0.986323 19.983 0.989874 0 0 19.7648 0.982796  \
  19.983 0.989874 18.4814 0.999163 19.0711 0.989134 19.2821 0.996309 19.983 0.989874  \
  19.1761 0.992708 19.0711 0.989134 18.4814 0.999163 19.983 0.989874 0 0  \
  0 0 0 0 0 0 0 0 0 0  \
  0 0 0 0 0 0 0 0 0 0  \
  0 0 0 0 0 0 0 0 0 0  \
  0 0 0 0 0 0 0 0 0 0  \
  0 0 0 0 0 0 0 0 0 0  \
  0 0 0 0 0 0 0 0 0 0  \
  0 0 18.8641 0.98206 19.3408 0.968935 19.7648 0.982796 19.5507 0.975817  \
  20.2398 0.969638 19.7648 0.982796 19.7648 0.982796 20.573 0.980005 19.5507 0.975817  \
  19.1761 0.992708 20.8006 0.987038 19.0711 0.989134 20.573 0.980005 19.983 0.989874  \
  20.0937 0.993451 19.2821 0.996309 20.573 0.980005 19.0711 0.989134 19.1761 0.992708  \
  20.0937 0.993451 19.1761 0.992708 0 0 19.8733 0.986323 19.2821 0.996309  \
  19.983 0.989874 19.7648 0.982796 19.0711 0.989134 19.1761 0.992708 19.7648 0.982796  \
  20.0937 0.993451 0 0 20.0937 0.993451 0 0 0 0  \
  0 0 0 0 0 0 0 0 0 0  \
  0 0 0 0 0 0 0 0 0 0  \
  0 0 0 0 0 0 0 0 0 0  \
  0 0 0 0 0 0 0 0 0 0  \
  0 0 0 0 0 0 0 0 0 0  \
  0 0 0 0 0 0 0 0 0 0  \
  20.0937 0.993451 19.4973 1.00359 18.2796 0.991943 19.983 0.989874 19.1761 0.992708  \
  19.2821 0.996309 19.983 0.989874 19.983 0.989874 19.0711 0.989134 20.4609 0.976525  \
  19.983 0.989874 20.3184 1.00068 19.6065 1.00727 19.7648 0.982796 19.983 0.989874  \
  19.2821 0.996309 20.2055 0.997054 19.1761 0.992708 19.1761 0.992708 23.4455 0.982001  \
  19.3892 0.999935 19.983 0.989874 20.0937 0.993451 20.4325 1.00434 19.2821 0.996309  \
  19.2821 0.996309 19.2821 0.996309 19.2821 0.996309 20.2055 0.997054 19.3892 0.999935  \
  19.3892 0.999935 19.983 0.989874 0 0 0 0 0 0  \
  0 0 0 0 0 0 0 0 0 0  \
  0 0 0 0 0 0 0 0 0 0  \
  0 0 0 0 0 0 0 0 0 0  \
  0 0 0 0 0 0 0 0 0 0  \
  0 0 0 0 0 0 0 0 0 0  \
  0 0 0 0 0 0 0 0 19.983 0.989874  \
  19.8733 0.986323 19.1761 0.992708 19.8733 0.986323 19.7648 0.982796 20.0937 0.993451  \
  19.8733 0.986323 19.8733 0.986323 20.573 0.980005 19.0711 0.989134 19.8733 0.986323  \
  19.2821 0.996309 20.0937 0.993451 19.2821 0.996309 19.983 0.989874 19.8733 0.986323  \
  19.0711 0.989134 19.7648 0.982796 19.8733 0.986323 20.0937 0.993451 19.983 0.989874  \
  19.0711 0.989134 19.0711 0.989134 19.1761 0.992708 20.0937 0.993451 19.3892 0.999935  \
  19.3892 0.999935 0 0 19.983 0.989874 19.8733 0.986323 19.983 0.989874  \
  19.2821 0.996309 0 0 0 0 0 0 0 0  \
  0 0 0 0 0 0 0 0 0 0  \
  0 0 0 0 0 0 0 0 0 0  \
  0 0 0 0 0 0 0 0 0 0  \
  0 0 0 0 0 0 0 0 0 0  \
  0 0 0 0 0 0 0 0 0 0  \
  0 0 0 0 0 0 20.0937 0.993451 20.2055 0.997054  \
  19.983 0.989874 19.983 0.989874 20.0937 0.993451 19.0711 0.989134 20.0937 0.993451  \
  19.0711 0.989134 20.0937 0.993451 19.2821 0.996309 19.6065 1.00727 20.0937 0.993451  \
  19.3892 0.999935 19.2821 0.996309 20.8006 0.987038 20.5477 1.00802 19.983 0.989874  \
  20.4609 0.976525 18.38 0.99554 20.0937 0.993451 0 0 20.2055 0.997054  \
  18.5838 1.00281 20.0937 0.993451 19.983 0.989874 20.0937 0.993451 20.0937 0.993451  \
  19.1761 0.992708 19.1761 0.992708 19.3892 0.999935 19.5507 0.975817 20.0937 0.993451  \
  0 0 0 0 0 0 0 0 0 0  \
  0 0 0 0 0 0 0 0 0 0  \
  0 0 0 0 0 0 0 0 0 0  \
  0 0 0 0 0 0 0 0 0 0  \
  0 0 0 0 0 0 0 0 0 0  \
  0 0 0 0 0 0 0 0 0 0  \
  0 0 0 0 19.983 0.989874 19.2821 0.996309 19.4973 1.00359  \
  19.1761 0.992708 19.1761 0.992708 19.983 0.989874 19.2821 0.996309 19.983 0.989874  \
  19.2821 0.996309 22.1169 0.998474 18.6873 1.00649 19.7648 0.982796 20.0937 0.993451  \
  19.1761 0.992708 19.2821 0.996309 20.9002 1.01922 19.2821 0.996309 19.1761 0.992708  \
  19.7168 1.01097 19.6065 1.00727 19.3613 1.22099 19.0711 0.989134 19.983 0.989874  \
  19.1761 0.992708 19.2821 0.996309 19.1761 0.992708 20.0937 0.993451 20.0937 0.993451  \
  19.1761 0.992708 20.4609 0.976525 18.5838 1.00281 19.9565 0.934072 0 0  \
  0 0 0 0 0 0 0 0 0 0  \
  0 0 0 0 0 0 0 0 0 0  \
  0 0 0 0 0 0 0 0 0 0  \
  0 0 0 0 0 0 0 0 0 0  \
  0 0 0 0 0 0 0 0 0 0  \
  0 0 0 0 0 0 0 0 0 0  \
  0 0 19.1761 0.992708 19.983 0.989874 19.0711 0.989134 19.2821 0.996309  \
  19.2821 0.996309 19.983 0.989874 19.2821 0.996309 19.983 0.989874 19.1761 0.992708  \
  19.1761 0.992708 19.3892 0.999935 19.2821 0.996309 19.3892 0.999935 19.4973 1.00359  \
  19.8733 0.986323 19.2821 0.996309 0 0 0 0 0 0  \
  0 0 0 0 0 0 0 0 0 0  \
  0 0 0 0 0 0 0 0 0 0  \
  0 0 0 0 0 0 19.2821 0.996309 19.2821 0.996309  \
  18.9326 0.955454 0 0 19.2373 0.965529 19.2373 0.965529 20.4024 1.03378  \
  19.043 1.05193 19.4973 1.00359 18.5838 1.00281 19.8283 1.0147 0 0  \
  18.8972 1.01392 18.7917 1.01019 19.6661 1.04081 19.8283 1.0147 18.9671 0.985585  \
  19.1761 0.992708 18.7917 1.01019 19.2821 0.996309 0 0 19.1761 0.992708  \
  19.8733 0.986323 19.8733 0.986323 19.6572 0.979294 19.0711 0.989134 19.2821 0.996309  \
  19.0711 0.989134 19.983 0.989874 19.0711 0.989134 19.4973 1.00359 19.2821 0.996309  \
  0 0 0 0 0 0 0 0 0 0  \
  0 0 0 0 0 0 0 0 0 0  \
  0 0 0 0 0 0 0 0 0 0  \
  0 0 0 0 0 0 0 0 0 0  \
  0 0 0 0 0 0 0 0 0 0  \
  0 0 0 0 0 0 0 0 0 0  \
  0 0 0 0 0 0 0 0 0 0  \
  0 0 0 0 0 0 0 0 0 0  \
  20.1309 1.05682 19.1545 1.05597 19.2672 1.06005 19.2672 1.06005 19.7805 1.04477  \
  19.7805 1.04477 19.7805 1.04477 19.4962 1.06829 18.9326 1.04792 19.3811 1.06416  \
  18.9326 1.04792 19.6124 1.07246 19.8961 1.04875 20.5208 1.03768 19.7805 1.04477  \
  19.043 1.05193 0 0 0 0 0 0 0 0  \
  0 0 0 0 0 0 0 0 0 0  \
  0 0 0 0 0 0 0 0 0 0  \
  0 0 0 0 0 0 0 0 0 0  \
  0 0 0 0 0 0 0 0 0 0  \
  0 0 0 0 0 0 0 0 0 0  \
  0 0 0 0 0 0 0 0 0 0  \
  0 0 0 0 0 0 0 0 0 0  \
  0 0 18.7917 1.01019 20.0544 1.02225 19.3892 0.999935 20.0937 0.993451  \
  19.8733 0.986323 19.6572 0.979294 19.8733 0.986323 19.2821 0.996309 18.8972 1.01392  \
  19.4973 1.00359 19.6065 1.00727 18.6873 1.00649 19.7168 1.01097 19.4973 1.00359  \
  19.6065 1.00727 19.8283 1.0147 19.7648 0.982796 20.0937 0.993451 19.983 0.989874  \
  19.7648 0.982796 20.0937 0.993451 19.6572 0.979294 19.4973 1.00359 19.8733 0.986323  \
  19.1761 0.992708 19.6572 0.979294 0 0 19.8733 0.986323 19.0711 0.989134  \
  19.983 0.989874 19.3892 0.999935 0 0 0 0 0 0  \
  0 0 0 0 0 0 0 0 0 0  \
  0 0 0 0 0 0 0 0 0 0  \
  0 0 0 0 0 0 0 0 0 0  \
  0 0 0 0 0 0 0 0 0 0  \
  0 0 0 0 0 0 0 0 0 0  \
  0 0 0 0 0 0 0 0 0 0  \
  0 0 0 0 0 0 0 0 0 0  \
  0 0 0 0 0 0 0 0 20.0129 1.05277  \
  19.1545 1.05597 0 0 19.7805 1.04477 0 0 19.4409 1.03298  \
  19.8961 1.04875 20.2501 1.06089 19.3811 1.06416 19.73 1.07666 20.0544 1.02225  \
  20.1693 1.02607 19.4409 1.03298 20.3706 1.065 19.3811 1.06416 0 0  \
  0 0 0 0 0 0 0 0 0 0  \
  0 0 0 0 0 0 0 0 0 0  \
  0 0 0 0 0 0 0 0 0 0  \
  0 0 0 0 0 0 0 0 0 0  \
  0 0 0 0 0 0 0 0 0 0  \
  0 0 0 0 0 0 0 0 0 0  \
  0 0 0 0 0 0 0 0 0 0  \
  0 0 0 0 0 0 0 0 19.5507 0.975817  \
  18.9671 0.985585 19.4973 1.00359 19.4973 1.00359 19.8283 1.0147 19.3892 0.999935  \
  20.3498 0.97307 19.5507 0.975817 19.1545 1.05597 0 0 19.2672 1.06005  \
  0 0 19.73 1.07666 19.4962 1.06829 0 0 19.2672 1.06005  \
  19.1761 0.992708 19.0711 0.989134 19.8733 0.986323 18.7917 1.01019 19.7168 1.01097  \
  19.4973 1.00359 19.3892 0.999935 19.7648 0.982796 19.3892 0.999935 19.2821 0.996309  \
  19.4973 1.00359 19.1761 0.992708 0 0 19.2821 0.996309 19.983 0.989874  \
  19.1761 0.992708 0 0 0 0 0 0 0 0  \
  0 0 0 0 0 0 0 0 0 0  \
  0 0 0 0 0 0 0 0 0 0  \
  0 0 0 0 0 0 0 0 0 0  \
  0 0 0 0 0 0 0 0 0 0  \
  0 0 0 0 0 0 0 0 0 0  \
  0 0 0 0 0 0 0 0 0 0  \
  0 0 0 0 0 0 0 0 0 0  \
  0 0 20.0129 1.05277 18.9326 1.04792 19.1545 1.05597 19.043 1.05193  \
  19.2672 1.06005 19.8961 1.04875 18.9326 1.04792 19.043 1.05193 19.1545 1.05597  \
  19.8961 1.04875 20.0129 1.05277 20.6404 1.04161 19.2672 1.06005 19.7805 1.04477  \
  20.5208 1.03768 20.1309 1.05682 0 0 0 0 0 0  \
  0 0 0 0 0 0 0 0 0 0  \
  0 0 0 0 0 0 0 0 0 0  \
  0 0 0 0 0 0 0 0 0 0  \
  0 0 0 0 0 0 0 0 0 0  \
  0 0 0 0 0 0 0 0 0 0  \
  19.2672 1.06005 19.3811 1.06416 19.6572 0.979294 19.983 0.989874 19.2821 0.996309  \
  0 0 0 0 0 0 0 0 0 0  \
  0 0 19.3177 1.09727 20.0129 1.05277 18.9326 1.04792 0 0  \
  0 0 0 0 0 0 0 0 0 0  \
  0 0 0 0 0 0 19.4962 1.06829 19.6124 1.07246  \
  19.4962 1.06829 19.8733 0.986323 0 0 19.7648 0.982796 0 0  \
  0 0 0 0 0 0 0 0 0 0  \
  19.2672 1.06005 19.2672 1.06005 19.1545 1.05597 0 0 0 0  \
  0 0 0 0 0 0 0 0 0 0  \
  0 0 0 0 20.4609 0.976525 18.9671 0.985585 19.7648 0.982796  \
  19.8283 1.0147 19.4973 1.00359 18.5838 1.00281 0 0 0 0  \
  0 0 0 0 0 0 0 0 0 0  \
  0 0 0 0 18.9326 1.04792 21.1313 1.05763 19.043 1.05193  \
  0 0 0 0 0 0 0 0 0 0  \
  0 0 20.573 0.980005 19.7648 0.982796 19.1761 0.992708 19.3892 0.999935  \
  19.8283 1.0147 19.8283 1.0147 0 0 0 0 0 0  \
  0 0 0 0 0 0 0 0 0 0  \
  0 0 19.2672 1.06005 19.2672 1.06005 20.1309 1.05682 0 0  \
  0 0 0 0 0 0 0 0 0 0  \
  0 0 0 0 0 0 0 0 0 0  \
  0 0 0 0 0 0 0 0 0 0  \
  0 0 0 0 0 0 0 0 0 0  \
  0 0 0 0 0 0 0 0 0 0  \
  0 0 0 0 0 0 0 0 0 0  \
  0 0 0 0 0 0 0 0 0 0  \
  0 0 0 0 0 0 0 0 0 0  \
  0 0 0 0 0 0 0 0 0 0  \
  0 0 0 0 0 0 0 0 0 0  \
  0 0 0 0 0 0 0 0 0 0  \
  0 0 0 0 0 0 0 0 0 0  \
  0 0 0 0 0 0 0 0 0 0  \
  0 0 0 0 0 0 0 0 0 0  \
  0 0 0 0 0 0 0 0 0 0  \
  0 0 0 0 0 0 0 0 0 0  \
  0 0 0 0 0 0 0 0 0 0  \
  0 0 0 0 0 0 0 0 0 0  \
  0 0 0 0 0 0 0 0 0 0  \
  0 0 0 0 0 0 0 0 0 0  \
  0 0 0 0 0 0 0 0 0 0  \
  0 0 0 0 0 0 0 0 0 0  \
  0 0 0 0 0 0 0 0 0 0  \
  0 0 0 0 0 0 0 0 0 0  \
  0 0 0 0 0 0 0 0 0 0  \
  0 0 0 0 0 0 0 0 0 0  \
  0 0 0 0 0 0 0 0 0 0  \
  0 0 0 0 0 0 0 0 0 0  \
  0 0 0 0 0 0 0 0 0 0  \
  0 0 0 0 0 0 0 0 0 0  \
  0 0 0 0 0 0 0 0 0 0  \
  0 0 0 0 0 0 0 0 0 0  \
  0 0 0 0 0 0 0 0 0 0  \
  0 0 0 0 0 0 0 0 0 0  \
  0 0 0 0 0 0 0 0 0 0  \
  0 0 0 0 0 0 0 0 0 0  \
  0 0 0 0 0 0 0 0 0 0  \
  0 0 0 0 0 0 0 0 0 0  \
  0 0 0 0 0 0 0 0 0 0  \
  0 0 0 0 0 0 0 0 0 0  \
  0 0 0 0 0 0 0 0 0 0  \
  0 0 0 0 0 0 0 0 0 0  \
  0 0 0 0 0 0 0 0 0 0  \
  0 0 0 0 0 0 0 0 0 0  \
  0 0 0 0 0 0 0 0 0 0  \
  0 0 0 0 0 0 0 0 0 0  \
  0 0 0 0 0 0 0 0 0 0  \
  0 0 0 0 0 0 0 0 0 0  \
  0 0 0 0 0 0 0 0 0 0  \
  0 0 0 0 0 0 0 0 0 0  \
  0 0 0 0 0 0 0 0 0 0  \
  0 0 0 0 0 0 0 0 0 0  \
  0 0 0 0 0 0 0 0 0 0  \
  0 0 0 0 0 0 0 0 0 0  \
  0 0 0 0 0 0 0 0 0 0  \
  0 0 0 0 0 0 0 0 0 0  \
  0 0 0 0 0 0 0 0 0 0  \
  0 0 0 0 0 0 0 0 0 0  \
  0 0 0 0 0 0 0 0 0 0  \
  0 0 0 0 0 0 0 0 0 0  \
  0 0 0 0 0 0 0 0 0 0  \
  0 0 0 0 0 0 0 0 0 0  \
  0 0 0 0 0 0 0 0 0 0  \
  0 0 0 0 0 0 0 0 0 0  \
  0 0 0 0 0 0 0 0 0 0  \
  0 0 0 0 0 0 0 0 0 0  \
  0 0 0 0 0 0 0 0 0 0  \
  0 0 0 0 0 0 0 0 0 0  \
  0 0 0 0 0 0 0 0 0 0  \
  0 0 0 0 0 0 0 0 0 0  \
  0 0 0 0 0 0 0 0 0 0  \
  0 0 0 0 0 0 0 0 0 0  \
  0 0 0 0 0 0 0 0 0 0  \
  0 0 0 0 0 0 0 0 0 0  \
  0 0 0 0 0 0 0 0 0 0  \
  0 0 0 0 0 0 0 0 0 0  \
  0 0 0 0 0 0 0 0 0 0  \
  0 0 0 0 0 0 0 0 0 0  \
  0 0 0 0 0 0 0 0 0 0  \
  0 0 0 0 0 0 0 0 0 0  \
  0 0 0 0 0 0 0 0 0 0  \
  0 0 0 0 0 0 0 0 0 0  \
  0 0 0 0 0 0 0 0 0 0  \
  0 0 0 0 0 0 0 0 0 0  \
  0 0 0 0 0 0 0 0 0 0  \
  0 0 0 0 0 0 0 0 0 0  \
  0 0 0 0 0 0 0 0 0 0  \
  0 0 0 0 0 0 0 0 0 0  \
  0 0 0 0 0 0 0 0 0 0  \
  0 0 0 0 0 0 0 0 0 0  \
  0 0 0 0 0 0 0 0 0 0  \
  0 0 0 0 0 0 0 0 0 0  \
  0 0 0 0 0 0 0 0 0 0  \
  0 0 0 0 0 0 0 0 0 0  \
  0 0 0 0 0 0 0 0 0 0  \
  0 0 0 0 0 0 0 0 0 0  \
  0 0 0 0 0 0 0 0 0 0  \
  0 0 0 0 0 0 0 0 0 0  \
  0 0 0 0 0 0 0 0 0 0  \
  0 0 0 0 0 0 0 0 0 0  \
  0 0 0 0 0 0 0 0 0 0  \
  0 0 0 0 0 0 0 0 0 0  \
  0 0 0 0 0 0 0 0 0 0  \
  0 0 0 0 0 0 0 0 0 0  \
  0 0 0 0 0 0 0 0 0 0  \
  0 0 0 0 0 0 0 0 0 0  \
  0 0 0 0 0 0 0 0 0 0  \
  0 0 0 0 0 0 0 0 0 0  \
  0 0 0 0 0 0 0 0 0 0  \
  0 0 0 0 0 0 0 0 0 0  \
  0 0 0 0 0 0 0 0 0 0  \
  0 0 0 0 0 0 0 0 0 0  \
  0 0 0 0 0 0 0 0 0 0  \
  0 0 0 0 0 0 0 0 0 0  \
  0 0 0 0 0 0 0 0 0 0  \
  0 0 0 0 0 0 0 0 0 0  \
  0 0 0 0 0 0 0 0 0 0  \
  0 0 0 0 0 0 0 0 0 0  \
  0 0 0 0 0 0 0 0 0 0  \
  0 0 0 0 0 0 0 0 0 0  \
  0 0 0 0 0 0 0 0 0 0  \
  0 0 0 0 0 0 0 0 0 0  \
  0 0 0 0 0 0 0 0 0 0  \
  0 0 0 0 0 0 0 0 0 0  \
  0 0 0 0 0 0 0 0 0 0  \
  0 0 0 0 0 0 0 0 0 0  \
  0 0 0 0 0 0 0 0 0 0  \
  0 0 0 0 0 0 0 0 0 0  \
  0 0 0 0 0 0 0 0 0 0  \
  0 0 0 0 0 0 0 0 0 0  \
  0 0 0 0 0 0 0 0 0 0  \
  0 0 0 0 0 0 0 0 0 0  \
  0 0 0 0 0 0 0 0 0 0  \
  0 0 0 0 0 0 0 0 0 0  \
  0 0 0 0 0 0 0 0 0 0  \
  0 0 0 0 0 0 0 0 0 0  \
  0 0 0 0 0 0 0 0 0 0  \
  0 0 0 0 0 0 0 0 0 0  \
  0 0 0 0 0 0 0 0 0 0  \
  0 0 0 0 0 0 0 0 0 0  \
  0 0 0 0 0 0 0 0 0 0  \
  0 0 0 0 0 0 0 0 0 0  \
  0 0 0 0 0 0 0 0 0 0  \
  0 0 0 0 0 0 0 0 0 0  \
  0 0 0 0 0 0 0 0 0 0  \
  0 0 0 0 0 0 0 0 0 0  \
  0 0 0 0 0 0 0 0 0 0  \
  0 0 0 0 0 0 0 0 0 0  \
  0 0 0 0 0 0 0 0 0 0  \
  0 0 0 0 0 0 0 0 0 0  \
  0 0 0 0 0 0 0 0 0 0  \
  0 0 0 0 0 0 0 0 0 0  \
  0 0 0 0 0 0 0 0 0 0  \
  0 0 0 0 0 0 0 0 0 0  \
  0 0 0 0 0 0 0 0 0 0  \
  0 0 0 0 0 0 0 0 0 0  \
  0 0 0 0 0 0 0 0 0 0  \
  0 0 0 0 0 0 0 0 0 0  \
  0 0 0 0 0 0 0 0 0 0  \
  0 0 0 0 0 0 0 0 0 0  \
  0 0 0 0 0 0 0 0 0 0  \
  0 0 0 0 0 0 0 0 0 0  \
  0 0 0 0 0 0 0 0 0 0  \
  0 0 0 0 0 0 0 0 0 0  \
  0 0 0 0 0 0 0 0 0 0  \
  0 0 0 0 0 0 0 0 0 0  \
  0 0 0 0 0 0 0 0 0 0  \
  0 0 0 0 0 0 0 0 0 0  \
  0 0 0 0 0 0 0 0 0 0  \
  0 0 0 0 0 0 0 0 0 0  \
  0 0 0 0 0 0 0 0 0 0  \
  0 0 0 0 0 0 0 0 0 0  \
  0 0 0 0 0 0 0 0 0 0  \
  0 0 0 0 0 0 0 0 0 0  \
  0 0 0 0 0 0 0 0 0 0  \
  0 0 0 0 0 0 0 0 0 0  \
  0 0 0 0 0 0 0 0 0 0  \
  0 0 0 0 0 0 0 0 0 0  \
  0 0 0 0 0 0 0 0 0 0  \
  0 0 0 0 0 0 0 0 0 0  \
  0 0 0 0 0 0 0 0 0 0  \
  0 0 0 0 0 0 0 0 0 0  \
  0 0 0 0 0 0 0 0 0 0  \
  0 0 0 0 0 0 0 0 0 0  \
  0 0 0 0 0 0 0 0 0 0  \
  0 0 0 0 0 0 0 0 0 0  \
  0 0 0 0 0 0 0 0 0 0  \
  0 0 0 0 0 0 0 0 0 0  \
  0 0 0 0 0 0 0 0 0 0  \
  0 0 19.3879 10.8779 21.3292 10.804 21.6128 10.8967 19.3879 10.8779  \
  19.3879 10.8779 21.6128 10.8967 21.903 10.991 19.3879 10.8779 19.3879 10.8779  \
  21.3292 10.804 21.3292 10.804 21.6128 10.8967 19.3879 10.8779 21.3292 10.804  \
  21.0522 10.7129 21.3292 10.804 21.903 10.991 21.6128 10.8967 21.903 10.991  \
  21.3292 10.804 19.3879 10.8779 21.903 10.991 19.6445 10.972 23.9587 10.914  \
  21.6128 10.8967 19.6445 10.972 21.903 10.991 21.6128 10.8967 21.903 10.991  \
  19.9072 11.0678 21.903 10.991 23.329 10.73 0 0 0 0  \
  0 0 0 0 0 0 0 0 0 0  \
  0 0 0 0 0 0 0 0 0 0  \
  0 0 0 0 0 0 0 0 0 0  \
  0 0 0 0 0 0 0 0 0 0  \
  0 0 0 0 0 0 0 0 0 0  \
  0 0 0 0 0 0 0 0 0 0  \
  19.1372 10.7854 19.3879 10.8779 21.3292 10.804 21.6128 10.8967 19.3879 10.8779  \
  19.3879 10.8779 21.3292 10.804 21.6128 10.8967 22.4373 10.4652 20.7815 10.6233  \
  19.3879 10.8779 20.5168 10.5351 21.3292 10.804 20.2581 10.4484 21.0522 10.7129  \
  20.7815 10.6233 21.6128 10.8967 19.6445 10.972 21.6128 10.8967 21.6128 10.8967  \
  20.7815 10.6233 21.903 10.991 21.6128 10.8967 19.6445 10.972 21.6128 10.8967  \
  21.3292 10.804 19.6445 10.972 19.3879 10.8779 21.3292 10.804 21.6128 10.8967  \
  23.6402 10.8212 21.0522 10.7129 0 0 0 0 0 0  \
  0 0 0 0 0 0 0 0 0 0  \
  0 0 0 0 0 0 0 0 0 0  \
  0 0 0 0 0 0 0 0 0 0  \
  0 0 0 0 0 0 0 0 0 0  \
  0 0 0 0 0 0 0 0 0 0  \
  0 0 0 0 0 0 0 0 19.6445 10.972  \
  19.1372 10.7854 19.3879 10.8779 19.6445 10.972 19.6445 10.972 21.6128 10.8967  \
  21.6128 10.8967 19.6445 10.972 21.6128 10.8967 19.3879 10.8779 21.6128 10.8967  \
  19.3879 10.8779 21.6128 10.8967 19.3879 10.8779 21.6128 10.8967 19.6445 10.972  \
  21.903 10.991 19.9072 11.0678 19.3879 10.8779 21.6128 10.8967 19.6445 10.972  \
  21.903 10.991 21.903 10.991 19.9072 11.0678 21.903 10.991 21.903 10.991  \
  21.903 10.991 19.6445 10.972 21.903 10.991 21.903 10.991 19.9072 11.0678  \
  22.2002 11.0868 0 0 0 0 0 0 0 0  \
  0 0 0 0 0 0 0 0 0 0  \
  0 0 0 0 0 0 0 0 0 0  \
  0 0 0 0 0 0 0 0 0 0  \
  0 0 0 0 0 0 0 0 0 0  \
  0 0 0 0 0 0 0 0 0 0  \
  0 0 0 0 0 0 19.3879 10.8779 21.3292 10.804  \
  19.6445 10.972 21.0522 10.7129 21.6128 10.8967 21.3292 10.804 21.3292 10.804  \
  21.6128 10.8967 21.6128 10.8967 21.0522 10.7129 20.5168 10.5351 21.0522 10.7129  \
  21.3292 10.804 18.8922 10.6944 20.5168 10.5351 20.2581 10.4484 19.3879 10.8779  \
  19.3879 10.8779 21.6128 10.8967 21.903 10.991 18.8922 10.6944 19.9072 11.0678  \
  18.8922 10.6944 19.9072 11.0678 21.3292 10.804 19.9072 11.0678 21.6128 10.8967  \
  21.3292 10.804 21.3292 10.804 19.6445 10.972 19.3879 10.8779 19.1372 10.7854  \
  0 0 0 0 0 0 0 0 0 0  \
  0 0 0 0 0 0 0 0 0 0  \
  0 0 0 0 0 0 0 0 0 0  \
  0 0 0 0 0 0 0 0 0 0  \
  0 0 0 0 0 0 0 0 0 0  \
  0 0 0 0 0 0 0 0 0 0  \
  0 0 0 0 19.3879 10.8779 21.903 10.991 21.6128 10.8967  \
  19.6445 10.972 21.6128 10.8967 19.9072 11.0678 21.903 10.991 19.3879 10.8779  \
  21.6128 10.8967 21.3292 10.804 21.6128 10.8967 19.3879 10.8779 21.3292 10.804  \
  21.903 10.991 19.3879 10.8779 21.0522 10.7129 19.6445 10.972 21.6128 10.8967  \
  21.6128 10.8967 21.6128 10.8967 19.6445 10.972 21.903 10.991 19.9072 11.0678  \
  19.6445 10.972 21.6128 10.8967 19.6445 10.972 19.3879 10.8779 21.903 10.991  \
  21.903 10.991 21.903 10.991 19.9072 11.0678 21.6128 10.8967 0 0  \
  0 0 0 0 0 0 0 0 0 0  \
  0 0 0 0 0 0 0 0 0 0  \
  0 0 0 0 0 0 0 0 0 0  \
  0 0 0 0 0 0 0 0 0 0  \
  0 0 0 0 0 0 0 0 0 0  \
  0 0 0 0 0 0 0 0 0 0  \
  0 0 19.3879 10.8779 21.3292 10.804 21.6128 10.8967 21.903 10.991  \
  19.3879 10.8779 21.3292 10.804 17.5077 10.9517 23.329 10.73 21.6128 10.8967  \
  19.1372 10.7854 20.5168 10.5351 21.6128 10.8967 21.3292 10.804 19.1372 10.7854  \
  21.3292 10.804 20.7815 10.6233 21.6128 10.8967 21.3292 10.804 21.6128 10.8967  \
  21.903 10.991 21.3292 10.804 19.3879 10.8779 19.3879 10.8779 19.3879 10.8779  \
  18.6527 10.6049 20.7815 10.6233 19.3879 10.8779 19.3879 10.8779 21.3292 10.804  \
  18.8922 10.6944 21.0522 10.7129 21.0522 10.7129 0 0 0 0  \
  0 0 0 0 0 0 0 0 0 0  \
  0 0 0 0 0 0 0 0 0 0  \
  0 0 0 0 0 0 0 0 0 0  \
  0 0 0 0 0 0 0 0 0 0  \
  0 0 0 0 0 0 0 0 0 0  \
  0 0 0 0 0 0 0 0 0 0  \
  0 0 19.6445 10.972 19.6445 10.972 19.6445 10.972 19.9072 11.0678  \
  21.903 10.991 21.903 10.991 19.6445 10.972 0 0 19.6445 10.972  \
  19.1372 10.7854 21.3292 10.804 23.329 10.73 19.3879 10.8779 19.6445 10.972  \
  21.6128 10.8967 19.6445 10.972 21.6128 10.8967 21.6128 10.8967 19.3879 10.8779  \
  19.3879 10.8779 19.6445 10.972 19.3879 10.8779 19.6445 10.972 19.9072 11.0678  \
  19.3879 10.8779 19.6445 10.972 21.903 10.991 22.2002 11.0868 0 0  \
  19.6445 10.972 224.865 7.66153 0 0 0 0 0 0  \
  0 0 0 0 0 0 0 0 0 0  \
  0 0 0 0 0 0 0 0 0 0  \
  0 0 0 0 0 0 0 0 0 0  \
  0 0 0 0 0 0 0 0 0 0  \
  0 0 0 0 0 0 0 0 0 0  \
  0 0 0 0 0 0 0 0 19.3879 10.8779  \
  19.1372 10.7854 19.3879 10.8779 19.3879 10.8779 19.6445 10.972 19.3879 10.8779  \
  21.3292 10.804 19.3879 10.8779 0 0 21.3292 10.804 0 0  \
  18.8922 10.6944 22.7278 10.552 20.7815 10.6233 0 0 21.6128 10.8967  \
  21.0522 10.7129 19.3879 10.8779 19.3879 10.8779 19.3879 10.8779 21.0522 10.7129  \
  21.3292 10.804 19.3879 10.8779 19.3879 10.8779 21.0522 10.7129 21.6128 10.8967  \
  21.3292 10.804 19.3879 10.8779 18.8922 10.6944 21.0522 10.7129 20.7815 10.6233  \
  19.1372 10.7854 0 0 0 0 0 0 0 0  \
  0 0 0 0 0 0 0 0 0 0  \
  0 0 0 0 0 0 0 0 0 0  \
  0 0 0 0 0 0 0 0 0 0  \
  0 0 0 0 0 0 0 0 0 0  \
  0 0 0 0 0 0 0 0 0 0  \
  0 0 0 0 0 0 19.6445 10.972 21.903 10.991  \
  21.6128 10.8967 21.6128 10.8967 21.903 10.991 21.903 10.991 22.2002 11.0868  \
  20.5168 10.5351 21.3292 10.804 21.6128 10.8967 19.3879 10.8779 19.3879 10.8779  \
  19.3879 10.8779 19.9072 11.0678 19.1372 10.7854 21.6128 10.8967 19.6445 10.972  \
  19.3879 10.8779 19.9072 11.0678 19.3879 10.8779 19.6445 10.972 21.6128 10.8967  \
  21.6128 10.8967 19.3879 10.8779 21.903 10.991 19.9072 11.0678 0 0  \
  19.9072 11.0678 21.0522 10.7129 21.903 10.991 0 0 20.4516 11.2643  \
  0 0 0 0 0 0 0 0 0 0  \
  0 0 0 0 0 0 0 0 0 0  \
  0 0 0 0 0 0 0 0 0 0  \
  0 0 0 0 0 0 0 0 0 0  \
  0 0 0 0 0 0 0 0 0 0  \
  0 0 0 0 0 0 0 0 0 0  \
  0 0 0 0 21.903 10.991 21.6128 10.8967 21.6128 10.8967  \
  19.3879 10.8779 21.3292 10.804 19.3879 10.8779 19.1372 10.7854 21.6128 10.8967  \
  19.1372 10.7854 21.6128 10.8967 19.6445 10.972 18.8922 10.6944 19.3879 10.8779  \
  21.6128 10.8967 21.903 10.991 19.6445 10.972 19.6445 10.972 19.3879 10.8779  \
  21.3292 10.804 21.0522 10.7129 19.6445 10.972 19.3879 10.8779 0 0  \
  21.903 10.991 21.6128 10.8967 19.3879 10.8779 21.6128 10.8967 19.3879 10.8779  \
  19.3879 10.8779 19.3879 10.8779 21.6128 10.8967 21.3292 10.804 0 0  \
  0 0 0 0 0 0 0 0 0 0  \
  0 0 0 0 0 0 0 0 0 0  \
  0 0 0 0 0 0 0 0 0 0  \
  0 0 0 0 0 0 0 0 0 0  \
  0 0 0 0 0 0 0 0 0 0  \
  0 0 0 0 0 0 0 0 0 0  \
  0 0 19.9072 11.0678 21.903 10.991 19.6445 10.972 19.1372 10.7854  \
  21.0522 10.7129 19.3879 10.8779 19.9072 11.0678 21.6128 10.8967 19.3879 10.8779  \
  19.6445 10.972 19.9072 11.0678 21.6128 10.8967 19.6445 10.972 19.3879 10.8779  \
  21.3292 10.804 21.903 10.991 21.6128 10.8967 21.903 10.991 21.6128 10.8967  \
  21.3292 10.804 19.9072 11.0678 22.2002 11.0868 19.6445 10.972 19.6445 10.972  \
  21.903 10.991 21.6128 10.8967 19.6445 10.972 19.6445 10.972 19.6445 10.972  \
  19.3879 10.8779 19.9072 11.0678 19.9072 11.0678 0 0 0 0  \
  0 0 0 0 0 0 0 0 0 0  \
  0 0 0 0 0 0 0 0 0 0  \
  0 0 0 0 0 0 0 0 0 0  \
  0 0 0 0 0 0 0 0 0 0  \
  0 0 0 0 0 0 0 0 0 0  \
  0 0 0 0 0 0 0 0 0 0  \
  21.6128 10.8967 19.3879 10.8779 21.6128 10.8967 21.6128 10.8967 21.3292 10.804  \
  19.1372 10.7854 20.7815 10.6233 21.6128 10.8967 19.3879 10.8779 19.9072 11.0678  \
  19.6445 10.972 21.6128 10.8967 19.3879 10.8779 19.6445 10.972 21.6128 10.8967  \
  21.6128 10.8967 21.6128 10.8967 0 0 21.6128 10.8967 0 0  \
  19.3879 10.8779 21.6128 10.8967 21.903 10.991 19.3879 10.8779 19.6445 10.972  \
  19.3879 10.8779 21.6128 10.8967 21.3292 10.804 19.3879 10.8779 19.3879 10.8779  \
  21.6128 10.8967 21.6128 10.8967 0 0 0 0 0 0  \
  0 0 0 0 0 0 0 0 0 0  \
  0 0 0 0 0 0 0 0 0 0  \
  0 0 0 0 0 0 0 0 0 0  \
  0 0 0 0 0 0 0 0 0 0  \
  0 0 0 0 0 0 0 0 0 0  \
  0 0 0 0 0 0 0 0 19.6445 10.972  \
  0 0 0 0 21.903 10.991 21.6128 10.8967 19.9072 11.0678  \
  19.6445 10.972 19.6445 10.972 21.0522 10.7129 19.3879 10.8779 20.1761 11.1652  \
  19.6445 10.972 21.6128 10.8967 19.5154 10.1965 21.903 10.991 19.6445 10.972  \
  21.6128 10.8967 19.3879 10.8779 19.3879 10.8779 19.6445 10.972 21.6128 10.8967  \
  21.903 10.991 21.6128 10.8967 19.3879 10.8779 19.9072 11.0678 21.6128 10.8967  \
  19.9072 11.0678 20.1761 11.1652 19.9072 11.0678 22.5045 11.1843 19.9072 11.0678  \
  19.6445 10.972 0 0 0 0 0 0 0 0  \
  0 0 0 0 0 0 0 0 0 0  \
  0 0 0 0 0 0 0 0 0 0  \
  0 0 0 0 0 0 0 0 0 0  \
  0 0 0 0 0 0 0 0 0 0  \
  0 0 0 0 0 0 0 0 0 0  \
  0 0 0 0 0 0 19.3879 10.8779 21.6128 10.8967  \
  19.3879 10.8779 21.6128 10.8967 21.6128 10.8967 21.6128 10.8967 0 0  \
  21.903 10.991 21.0522 10.7129 21.903 10.991 20.0051 10.3631 19.3879 10.8779  \
  22.1533 10.3797 20.7815 10.6233 20.5168 10.5351 19.3879 10.8779 21.3292 10.804  \
  19.9072 11.0678 19.3879 10.8779 21.3292 10.804 19.6445 10.972 21.6128 10.8967  \
  19.1372 10.7854 19.3879 10.8779 21.6128 10.8967 21.6128 10.8967 21.3292 10.804  \
  21.3292 10.804 21.6128 10.8967 19.3879 10.8779 19.3879 10.8779 19.1372 10.7854  \
  0 0 0 0 0 0 0 0 0 0  \
  0 0 0 0 0 0 0 0 0 0  \
  0 0 0 0 0 0 0 0 0 0  \
  0 0 0 0 0 0 0 0 0 0  \
  0 0 0 0 0 0 0 0 0 0  \
  0 0 0 0 0 0 0 0 0 0  \
  0 0 0 0 0 0 19.9072 11.0678 21.903 10.991  \
  21.903 10.991 19.9072 11.0678 19.9072 11.0678 19.6445 10.972 19.6445 10.972  \
  21.6128 10.8967 21.903 10.991 19.6445 10.972 19.9072 11.0678 19.6445 10.972  \
  21.6128 10.8967 21.6128 10.8967 19.6445 10.972 21.6128 10.8967 19.6445 10.972  \
  21.6128 10.8967 21.903 10.991 19.3879 10.8779 19.3879 10.8779 19.6445 10.972  \
  21.6128 10.8967 19.6445 10.972 19.9072 11.0678 21.3292 10.804 19.9072 11.0678  \
  21.903 10.991 21.6128 10.8967 19.6445 10.972 21.3292 10.804 0 0  \
  0 0 0 0 0 0 0 0 0 0  \
  0 0 0 0 0 0 0 0 0 0  \
  0 0 0 0 0 0 0 0 0 0  \
  0 0 0 0 0 0 0 0 0 0  \
  0 0 0 0 0 0 0 0 0 0  \
  0 0 0 0 0 0 0 0 0 0  \
  0 0 19.3879 10.8779 21.903 10.991 19.6445 10.972 21.903 10.991  \
  19.6445 10.972 21.3292 10.804 19.6445 10.972 21.903 10.991 21.0522 10.7129  \
  19.3879 10.8779 21.3292 10.804 19.3879 10.8779 21.0522 10.7129 19.3879 10.8779  \
  20.0051 10.3631 19.3879 10.8779 21.0522 10.7129 19.1372 10.7854 19.6445 10.972  \
  21.6128 10.8967 21.0522 10.7129 19.6445 10.972 19.6445 10.972 21.6128 10.8967  \
  21.3292 10.804 21.3292 10.804 20.7815 10.6233 21.3292 10.804 21.3292 10.804  \
  21.903 10.991 19.3879 10.8779 19.3879 10.8779 0 0 0 0  \
  0 0 0 0 0 0 0 0 0 0  \
  0 0 0 0 0 0 0 0 0 0  \
  0 0 0 0 0 0 0 0 0 0  \
  0 0 0 0 0 0 0 0 0 0  \
  0 0 0 0 0 0 0 0 0 0  \
  0 0 0 0 0 0 0 0 0 0  \
  20.2581 10.4484 20.2581 10.4484 21.0779 10.0513 29.0594 13.1441 21.0779 10.0513  \
  21.338 10.1315 21.0522 10.7129 19.9072 11.0678 20.5168 10.5351 20.0051 10.3631  \
  20.5168 10.5351 7.05228 14.9671 20.5168 10.5351 20.2581 10.4484 21.3292 10.804  \
  20.2581 10.4484 19.7576 10.2791 20.0051 10.3631 20.2581 10.4484 20.0051 10.3631  \
  142.158 9.99628 20.0051 10.3631 20.0051 10.3631 19.7576 10.2791 19.7576 10.2791  \
  20.0051 10.3631 20.2581 10.4484 20.0051 10.3631 19.7576 10.2791 19.7576 10.2791  \
  20.2581 10.4484 19.7576 10.2791 0 0 0 0 0 0  \
  0 0 0 0 0 0 0 0 0 0  \
  0 0 0 0 0 0 0 0 0 0  \
  0 0 0 0 0 0 0 0 0 0  \
  0 0 0 0 0 0 0 0 0 0  \
  0 0 0 0 0 0 0 0 0 0  \
  0 0 0 0 0 0 0 0 0 0  \
  0 0 0 0 0 0 0 0 0 0  \
  0 0 0 0 20.1761 11.1652 19.6445 10.972 20.4516 11.2643  \
  20.7338 11.3651 19.6445 10.972 20.1761 11.1652 19.9072 11.0678 20.4516 11.2643  \
  19.9072 11.0678 22.2002 11.0868 21.3292 10.804 20.1761 11.1652 21.6128 10.8967  \
  21.6128 10.8967 21.6128 10.8967 21.6128 10.8967 0 0 0 0  \
  0 0 0 0 0 0 0 0 0 0  \
  0 0 0 0 0 0 0 0 0 0  \
  0 0 0 0 0 0 0 0 0 0  \
  0 0 0 0 0 0 0 0 0 0  \
  0 0 0 0 0 0 0 0 0 0  \
  0 0 0 0 0 0 0 0 0 0  \
  0 0 0 0 0 0 0 0 0 0  \
  0 0 0 0 0 0 18.6527 10.6049 21.0522 10.7129  \
  20.2581 10.4484 20.5168 10.5351 19.7576 10.2791 19.7576 10.2791 20.0051 10.3631  \
  20.7815 10.6233 20.2581 10.4484 20.5168 10.5351 20.5168 10.5351 20.5168 10.5351  \
  20.2581 10.4484 20.5168 10.5351 19.7576 10.2791 20.5168 10.5351 19.7576 10.2791  \
  20.2581 10.4484 20.2581 10.4484 20.0051 10.3631 20.2581 10.4484 19.7576 10.2791  \
  20.5168 10.5351 20.0051 10.3631 20.0051 10.3631 19.5154 10.1965 -1.98384e-11 9.27431  \
  19.5154 10.1965 19.7576 10.2791 21.8755 10.2957 20.0051 10.3631 2.07422e-10 9.49959  \
  0 0 0 0 0 0 0 0 0 0  \
  0 0 0 0 0 0 0 0 0 0  \
  0 0 0 0 0 0 0 0 0 0  \
  0 0 0 0 0 0 0 0 0 0  \
  0 0 0 0 0 0 0 0 0 0  \
  0 0 0 0 0 0 0 0 0 0  \
  0 0 0 0 0 0 0 0 0 0  \
  0 0 0 0 0 0 0 0 0 0  \
  -8.80505e-11 14.3951 22.5045 11.1843 20.4516 11.2643 29.3474 12.3982 19.9072 11.0678  \
  20.1885 14.2159 19.3879 10.8779 22.2002 11.0868 22.2002 11.0868 19.9072 11.0678  \
  20.7338 11.3651 21.0522 10.7129 21.3292 10.804 21.0522 10.7129 22.2002 11.0868  \
  22.2002 11.0868 0 0 0 0 0 0 0 0  \
  0 0 0 0 0 0 0 0 0 0  \
  0 0 0 0 0 0 0 0 0 0  \
  0 0 0 0 0 0 0 0 0 0  \
  0 0 0 0 0 0 0 0 0 0  \
  0 0 0 0 0 0 0 0 0 0  \
  0 0 0 0 0 0 0 0 0 0  \
  0 0 0 0 0 0 0 0 0 0  \
  0 0 19.7576 10.2791 21.6038 10.2129 20.2581 10.4484 20.7815 10.6233  \
  20.5168 10.5351 20.2581 10.4484 19.5154 10.1965 19.5154 10.1965 19.9072 11.0678  \
  213.063 7.9426 21.6128 10.8967 18.6527 10.6049 20.4516 11.2643 18.2157 11.2434  \
  19.9738 12.9406 20.1761 11.1652 20.0051 10.3631 20.0051 10.3631 20.0051 10.3631  \
  20.2581 10.4484 20.5168 10.5351 20.2581 10.4484 20.0051 10.3631 19.7576 10.2791  \
  20.5168 10.5351 20.2581 10.4484 20.5168 10.5351 19.7576 10.2791 20.0051 10.3631  \
  20.0051 10.3631 21.8755 10.2957 20.0051 10.3631 0 0 0 0  \
  0 0 0 0 0 0 0 0 0 0  \
  0 0 0 0 0 0 0 0 0 0  \
  0 0 0 0 0 0 0 0 0 0  \
  0 0 0 0 0 0 0 0 0 0  \
  0 0 0 0 0 0 0 0 0 0  \
  0 0 0 0 0 0 0 0 0 0  \
  0 0 0 0 0 0 0 0 0 0  \
  0 0 0 0 0 0 19.9072 11.0678 21.6128 10.8967  \
  21.6128 10.8967 19.6445 10.972 19.3879 10.8779 19.6445 10.972 21.6128 10.8967  \
  19.6445 10.972 19.9072 11.0678 19.6445 10.972 19.9072 11.0678 20.1761 11.1652  \
  22.5045 11.1843 21.903 10.991 21.6128 10.8967 22.5045 11.1843 0 0  \
  0 0 0 0 0 0 0 0 0 0  \
  0 0 0 0 0 0 0 0 0 0  \
  0 0 0 0 0 0 0 0 0 0  \
  0 0 0 0 0 0 0 0 0 0  \
  0 0 0 0 0 0 0 0 0 0  \
  0 0 22.3163 12.8355 22.2002 11.0868 20.1761 11.1652 19.7576 10.2791  \
  20.2581 10.4484 20.0051 10.3631 0 0 0 0 0 0  \
  0 0 0 0 0 0 18.7166 11.4465 19.9072 11.0678  \
  19.6445 10.972 0 0 0 0 0 0 0 0  \
  0 0 0 0 0 0 0 0 0 0  \
  19.9072 11.0678 20.4516 11.2643 20.1761 11.1652 20.0051 10.3631 20.0051 10.3631  \
  20.2581 10.4484 0 0 0 0 0 0 0 0  \
  0 0 0 0 19.9072 11.0678 20.1761 11.1652 22.2002 11.0868  \
  0 0 0 0 0 0 0 0 0 0  \
  0 0 0 0 0 0 0 0 20.0051 10.3631  \
  19.7576 10.2791 20.0051 10.3631 20.5168 10.5351 18.4185 10.5169 20.0051 10.3631  \
  0 0 0 0 0 0 0 0 0 0  \
  0 0 0 0 0 0 0 0 21.6128 10.8967  \
  22.2002 11.0868 21.903 10.991 0 0 0 0 0 0  \
  0 0 0 0 0 0 20.2581 10.4484 22.1533 10.3797  \
  22.1533 10.3797 20.2581 10.4484 20.5168 10.5351 20.5168 10.5351 0 0  \
  0 0 0 0 0 0 0 0 0 0  \
  0 0 0 0 0 0 22.2002 11.0868 20.1761 11.1652  \
  22.1 10 0 0 0 0 0 0 
califaCrystalNumberPar:  Int_t  4864
califaCrystalParamsFitPar:  Int_t  2
